1.571844678883419196e-17 4.213877975549134451e-19 -1.553432432791832425e-19 -2.134775458540178262e-19 -5.930418656380794225e-20 -3.231029513805477178e-20 1.252073930073153551e-20 -2.016113312845107065e-22 1.050341252465908889e-18 1.646896661377550500e-19 8.730910945780156709e-21 1.666227579871729323e-19 -1.512284370668951787e-20 -4.554801858740346289e-21 -9.046226968785105118e-22 4.782083124331629678e-23 -2.935946417259258473e-19 6.602371849163734606e-19 7.102697084571409074e-20 2.073325620018114809e-19 -8.827626075790373474e-21 -2.402788070622106258e-20 -7.401859630409600941e-21 -1.044706552254231220e-22 -7.506972612562697372e-20 1.842353428816149746e-19 -4.010597434567174922e-20 2.487911151293327378e-19 5.544408640922172612e-20 -1.083501120596742150e-21 -7.081609160156886829e-21 1.127543297544457464e-21 1.184762400216402715e-18 8.045697279123464517e-20 -5.418643483551154608e-20 4.144269519019882600e-19 4.200940574521570366e-20 -2.660087694873143373e-20 -1.216328877533677101e-21 9.136238929237904025e-22
4.213877975549134451e-19 8.245840064507059221e-18 -4.185546514433118258e-19 -3.939407961889534896e-19 4.563847692048208709e-20 6.567797047436891252e-21 -2.283014528612545253e-21 2.805401656041728914e-22 4.663562244837028165e-19 2.129326348004236633e-19 -1.438828152012968689e-19 -1.713606945618842092e-19 4.462635458219297130e-21 4.229818679011183615e-21 -3.089430970417329040e-21 -1.884950957748365254e-22 1.275081100609559254e-19 5.831099930638488477e-19 4.412633731063817493e-20 5.104674433976280503e-20 -5.531374331944949811e-20 -6.990730260871360037e-21 -1.763753237354543596e-21 2.931187603485911440e-22 -1.809851820392426702e-19 5.036112500813068476e-19 1.128541560917366426e-19 -4.417734951858722562e-20 -1.878293409932008307e-20 3.214917828741342426e-20 8.561114960342168371e-22 5.843280226616492982e-22 -5.423186015298249398e-19 3.372882392680914934e-19 -3.725391107556018113e-19 3.244075363353456421e-20 4.545652202926846597e-21 -7.113284788217787921e-21 6.109792114890257456e-23 3.625787598754684867e-22
-1.553432432791832425e-19 -4.185546514433118258e-19 2.604667120584787269e-18 -1.367721307061234018e-19 7.517868500105113784e-21 9.384921861362611359e-21 3.529323973882253806e-21 9.840536111360315962e-22 -5.596140406739316386e-19 -1.396111007347520145e-19 4.436014718609666384e-20 -3.932473407906957002e-20 1.269597884568758626e-20 -1.323679035427992407e-21 1.358859810867024446e-21 -3.202993443488636316e-22 -2.772698742172486569e-19 -2.557163061060854744e-20 -1.781167026059310381e-19 -1.995393830133215115e-20 -3.675429303347256992e-21 1.969923169331327946e-21 -1.045749460188185323e-21 -3.136664805702547670e-22 -1.263605120036991550e-19 3.054219476010557733e-20 -1.975123644784320285e-19 2.133628602934731782e-20 3.674531158159591251e-20 -8.433345285408728864e-21 -4.312764904627989249e-21 1.700772913778568726e-22 -1.797483883572494009e-19 -3.717003660683980725e-19 9.607148127450280598e-20 -1.737826676622989314e-20 4.241019942130040475e-20 1.192683587548362966e-22 -3.621300940366325501e-21 -5.601256555090445429e-22
-2.134775458540178262e-19 -3.939407961889534896e-19 -1.367721307061234018e-19 5.431519900218226909e-19 8.007770850902498711e-22 7.458219614780298876e-21 -1.975864875876318943e-21 4.359057283135482147e-22 1.026588356779702119e-19 -4.534872520802516634e-20 1.228330183372675161e-19 -1.832334695324793707e-20 4.464215766520062034e-21 -8.035813647704030125e-21 -1.191454326647128988e-21 1.618025879814164136e-22 -1.473347537627826302e-19 6.313601944537365554e-21 -3.633289540562282070e-20 2.031038672904589786e-20 3.365970610468434529e-21 -5.127846526800150539e-21 -3.388707713958834543e-22 2.909306469927437409e-22 -1.193121812337913325e-19 2.921872114870345774e-20 -2.398394526396287092e-20 -8.368875093542236974e-21 -2.504123826655467380e-21 -4.044798963614431015e-21 1.583424600571348670e-21 -6.016889189375262294e-24 -1.035622027992613014e-19 -4.906581123699053144e-20 2.369185461046287342e-20 5.284712935218327638e-20 -1.007899592808056237e-20 -3.478482111423052881e-21 -1.899487735041748369e-22 -3.360911803474749696e-23
-5.930418656380794225e-20 4.563847692048208709e-20 7.517868500105113784e-21 8.007770850902498711e-22 1.026331380542729096e-19 -6.863287503318029875e-21 -4.529196020640742976e-22 3.523653523968849264e-23 -1.251820941117458750e-19 3.791857435838340819e-20 -1.675370592108370565e-20 -5.294386891172394162e-21 2.895838982478901610e-21 -2.634473580514574736e-22 2.400294211144453890e-22 5.002817659600994404e-23 -4.341126812320236047e-20 8.674466089862395561e-21 -1.566841375637134496e-20 -2.845083437498472450e-21 -7.585516339970726068e-22 9.388789498669214453e-22 1.760774475723533731e-22 5.336906222057845290e-23 -4.907316066846999657e-20 -4.189677534053271276e-20 1.698173321589426504e-20 -1.798695997660139155e-21 -4.692362004934919070e-21 4.535008050951852656e-22 3.134778107540538455e-23 9.090493012684656521e-23 -1.057715436485768542e-19 -3.129985511503871005e-20 -4.464827787849842419e-20 1.980286574652705938e-21 1.127192279815078968e-21 5.956774047973978120e-22 -2.423226518335294911e-22 1.633567232611866531e-23
-3.231029513805477178e-20 6.567797047436891252e-21 9.384921861362611359e-21 7.458219614780298876e-21 -6.863287503318029875e-21 1.240628351861908471e-20 -1.469992236586936769e-23 1.102590430434987265e-24 1.391313578830615502e-20 7.361263654976643275e-21 3.612496026130972007e-21 -5.731515024019755830e-21 1.800190774331525561e-21 -2.007834149461953557e-22 1.077274812185942864e-22 -1.077325775759854187e-24 2.182503755927803912e-20 3.712578873581311318e-21 -2.909976862937185558e-21 1.746824788971984070e-21 -7.444906043587333431e-22 1.229103611748958888e-22 1.051178973653518476e-22 -1.204864344965004061e-24 -8.892393670190291967e-21 1.086140723590749686e-21 -4.040550308909902193e-21 1.108345002194089672e-21 2.659510069687083165e-21 3.545895804897660803e-22 -9.749829850134209655e-23 -1.705822380452619041e-23 -1.363314209510169576e-20 -9.396010168467242128e-21 2.273164208224825517e-21 5.595344181379846380e-21 3.313279014797004565e-21 -3.288525391320170376e-22 -9.071984243371736666e-23 -2.377932915142233127e-23
1.252073930073153551e-20 -2.283014528612545253e-21 3.529323973882253806e-21 -1.975864875876318943e-21 -4.529196020640742976e-22 -1.469992236586936769e-23 9.899113434182759398e-22 -4.714305842452189166e-24 -2.524269849414474623e-21 -4.612628086965627743e-21 -3.003549782093091638e-21 -3.671431223448676298e-22 -2.012112646378802689e-22 2.063161285126893870e-22 3.950729535395264097e-24 1.983880588696243031e-24 3.436476104524976062e-21 4.336799665906054066e-21 4.045860586626061698e-21 -1.123343223894099013e-21 -2.163556127569899006e-22 -5.249487448438433907e-23 2.802954451675321413e-23 -6.517025938259634636e-24 -2.404514207610872755e-21 1.592031990120262116e-21 -1.058410150794646461e-21 4.614251879891202719e-22 -2.933954511545329505e-23 1.495936354227263462e-22 5.221114081266854776e-23 6.863464927554929942e-24 8.060178298088505212e-21 6.707971189780316008e-21 6.019076800098731241e-22 3.057911411925486620e-22 -6.103169364824333515e-23 -9.011645482082114876e-23 2.778850182001059036e-23 -8.051651533355491035e-24
-2.016113312845107065e-22 2.805401656041728914e-22 9.840536111360315962e-22 4.359057283135482147e-22 3.523653523968849264e-23 1.102590430434987265e-24 -4.714305842452189166e-24 2.789460100856004101e-23 4.057580830391031149e-22 6.302456533216262180e-22 2.230496310804687290e-23 -1.911546112147794519e-23 -4.143333810065227792e-23 -2.573292225414268490e-23 3.395676326141053433e-24 1.696423011962658309e-24 8.662216108306975646e-22 8.143462159341085784e-23 -4.058839719346014379e-22 6.928765896738160629e-23 -1.617508329593815521e-23 4.087495781691270818e-23 -5.116402460826352898e-24 6.572327661824465249e-25 -3.515412102567002428e-22 -5.409610576873060849e-22 2.141501301110504158e-23 3.718741968184986952e-23 -7.718123058708961749e-23 1.647530358690625253e-23 5.302648142493298102e-24 1.653633759098310425e-25 -4.141129211471744695e-22 -1.173377616924017827e-21 2.505662757425046205e-23 -8.085335577125595386e-23 6.168733724825757183e-24 -3.720547559209194071e-23 4.116423088032364852e-24 1.005820220746734299e-24
1.050341252465908889e-18 4.663562244837028165e-19 -5.596140406739316386e-19 1.026588356779702119e-19 -1.251820941117458750e-19 1.391313578830615502e-20 -2.524269849414474623e-21 4.057580830391031149e-22 1.201296183772468737e-17 2.407279851315239500e-19 3.394740636021119695e-19 -5.656691928530548228e-20 5.561541165396764354e-20 1.371444830073827917e-20 -3.830791679066670429e-21 -6.528840825078335568e-22 2.075858232973978327e-18 -3.631782871704761873e-19 2.380854873190162760e-19 2.054802801795847540e-19 3.873231515264981990e-20 8.205602310401943122e-21 -1.296529446280685623e-21 -3.493095843737658039e-22 2.332160296237814267e-18 3.342001763960823115e-20 4.430868425755966118e-19 1.094930294293745922e-19 3.182066986518235883e-20 -1.809504690673072565e-20 1.750587686770253013e-21 -9.599073666773371873e-22 1.383460520259945062e-18 3.344648675315320729e-19 3.894843638820866126e-19 4.556909574648317683e-20 3.335466354467874050e-20 -2.421550478493966863e-20 6.114079819514692588e-21 -6.471589721010098614e-22
1.646896661377550500e-19 2.129326348004236633e-19 -1.396111007347520145e-19 -4.534872520802516634e-20 3.791857435838340819e-20 7.361263654976643275e-21 -4.612628086965627743e-21 6.302456533216262180e-22 2.407279851315239500e-19 4.691686864629209581e-18 -7.258819805246655760e-20 2.292226795387345723e-20 5.470309592707643786e-20 -2.529324606195399134e-21 2.794955256328653201e-21 3.921371714905284155e-22 8.392126273481606472e-19 1.904867804336604741e-19 -6.098052812922419343e-21 4.003615434494280190e-20 9.779349206076332737e-21 8.104480834771702466e-21 -1.387300143742177463e-21 -2.788356756144737789e-23 1.012050406905567597e-20 4.020352363252579265e-19 1.893719779247816283e-19 -1.253995978464407659e-19 2.002496573533928507e-20 6.598584712387450221e-21 -2.258177038068570395e-21 5.903543788392751021e-23 1.244155188009138466e-19 6.039478221177364776e-19 -6.807332662633087968e-20 -2.330674836591095364e-20 5.043938574362402103e-20 6.828427115797811022e-21 2.144580109079313389e-21 4.080890173908683101e-22
8.730910945780156709e-21 -1.438828152012968689e-19 4.436014718609666384e-20 1.228330183372675161e-19 -1.675370592108370565e-20 3.612496026130972007e-21 -3.003549782093091638e-21 2.230496310804687290e-23 3.394740636021119695e-19 -7.258819805246655760e-20 1.473752270760438399e-18 3.030250132934032714e-20 1.530048582679599207e-20 4.311928992958871206e-21 -3.433857706784523415e-22 9.546354655056808945e-23 -3.008357656545654927e-19 -1.237005541003889913e-19 4.344289076432670941e-20 4.669763984918424115e-21 1.054584900582212288e-20 -1.806046960939275563e-21 9.030268513541105420e-22 -1.233730433316470682e-22 -2.754818303614531521e-20 -2.039733671651104357e-19 1.832845986380744812e-19 -1.907699208379408689e-20 1.288524593408398379e-20 9.784692264940752117e-22 1.312921441767169800e-21 -1.818276288624153473e-22 -1.972491486644927459e-19 -2.173179770276270463e-19 2.572369322481136404e-19 3.021241561130050336e-20 -2.151429979005881275e-20 -3.329543531591509200e-21 -3.091892285520867824e-21 2.690199648119297224e-22
1.666227579871729323e-19 -1.713606945618842092e-19 -3.932473407906957002e-20 -1.832334695324793707e-20 -5.294386891172394162e-21 -5.731515024019755830e-21 -3.671431223448676298e-22 -1.911546112147794519e-23 -5.656691928530548228e-20 2.292226795387345723e-20 3.030250132934032714e-20 2.966587645058959467e-19 -2.422881266570033108e-20 4.003690390974735573e-21 -7.501004619209523692e-22 1.231431284448157519e-22 -1.935712172219415098e-19 2.072981160246147677e-20 5.191523255128937097e-23 3.070483511767374080e-20 4.099133140732677190e-21 -3.447459185238969906e-22 7.518611565078327620e-22 3.498727253564281080e-23 -7.031669546901921637e-20 8.002152347222269574e-20 6.436952712217503095e-21 -2.841895827020209845e-21 -3.692507087494968518e-21 1.624320716018589337e-21 -4.451704775551239244e-22 7.590584553574836506e-23 1.351188566391099103e-19 -2.005437718776442790e-20 8.499673189404718488e-20 5.422996940145676982e-20 -5.857569314090009719e-21 1.483148197161591295e-21 -1.972798992571352484e-22 8.503800274543306019e-24
-1.512284370668951787e-20 4.462635458219297130e-21 1.269597884568758626e-20 4.464215766520062034e-21 2.895838982478901610e-21 1.800190774331525561e-21 -2.012112646378802689e-22 -4.143333810065227792e-23 5.561541165396764354e-20 5.470309592707643786e-20 1.530048582679599207e-20 -2.422881266570033108e-20 5.120908758503994517e-20 -8.815096211551704915e-22 2.807318205448820599e-22 1.724157415038069647e-23 3.603034283424943063e-20 -4.481619775834422673e-20 -2.804558942630151022e-21 -7.349043306606097518e-21 2.476459339913054010e-21 -1.380200462374459883e-21 -3.920517045358705236e-22 7.381903936845202936e-24 -2.458019253244802802e-20 -1.695732445463210010e-20 5.933341242206309595e-21 3.601907051782932925e-22 5.374473384680568311e-21 -9.915431635987165860e-22 4.469098719567453496e-22 -7.610645337264344098e-24 -1.660253634925818553e-20 -1.337375016525265195e-20 2.329078570529161373e-21 -3.347950467765622132e-21 2.671899403533630246e-21 -1.276472230473500662e-21 2.475216275262113014e-22 9.142771153025557553e-23
-4.554801858740346289e-21 4.229818679011183615e-21 -1.323679035427992407e-21 -8.035813647704030125e-21 -2.634473580514574736e-22 -2.007834149461953557e-22 2.063161285126893870e-22 -2.573292225414268490e-23 1.371444830073827917e-20 -2.529324606195399134e-21 4.311928992958871206e-21 4.003690390974735573e-21 -8.815096211551704915e-22 7.235884494731260460e-21 -9.435477933016584969e-23 -1.348210917705776176e-23 1.390572703188051206e-20 -4.843153686894948971e-21 -3.697862508318294952e-21 -2.166476732208911252e-21 2.017859852160504515e-22 1.241306770630339916e-21 -3.613567320952006851e-23 -3.390907942699953778e-24 -4.535215275616678193e-21 -3.016215238546777134e-21 -4.021684090352452531e-21 -3.902580096048870786e-21 -7.418408102779216013e-22 1.329515748085897257e-22 4.214012394412828611e-23 -1.384670416280485622e-24 -1.677019034718516736e-21 -4.586735833258221619e-21 2.708117431759775825e-21 2.622270870145249590e-21 -5.305538209783689212e-22 6.221099480368734839e-22 -1.884947121814395795e-22 -9.442219193393702524e-24
-9.046226968785105118e-22 -3.089430970417329040e-21 1.358859810867024446e-21 -1.191454326647128988e-21 2.400294211144453890e-22 1.077274812185942864e-22 3.950729535395264097e-24 3.395676326141053433e-24 -3.830791679066670429e-21 2.794955256328653201e-21 -3.433857706784523415e-22 -7.501004619209523692e-22 2.807318205448820599e-22 -9.435477933016584969e-23 4.789022529719393775e-22 -1.584595624530809702e-24 -3.771363376535315165e-21 3.991397422595832258e-21 1.999013774751592170e-22 -2.818797085220673655e-22 6.131232273873042162e-23 7.158326831817385114e-23 -4.876906842121817463e-23 -2.352914904104660285e-24 -1.131800043285719152e-21 3.163587529327974644e-21 2.323134434479059334e-21 -4.237358825664372611e-22 1.322711412929428920e-22 -1.317691587878914224e-22 -2.195397310512490307e-23 -1.589026223648251747e-24 1.475136130574368342e-23 2.635208294365350905e-21 -1.564415536646738819e-21 -2.783666600048666520e-22 -1.529425984960502430e-23 2.689526671057811559e-23 -3.416964390357417653e-23 1.279669789302054394e-24
4.782083124331629678e-23 -1.884950957748365254e-22 -3.202993443488636316e-22 1.618025879814164136e-22 5.002817659600994404e-23 -1.077325775759854187e-24 1.983880588696243031e-24 1.696423011962658309e-24 -6.528840825078335568e-22 3.921371714905284155e-22 9.546354655056808945e-23 1.231431284448157519e-22 1.724157415038069647e-23 -1.348210917705776176e-23 -1.584595624530809702e-24 1.277026731952984492e-23 -5.641164902662304465e-22 1.111816333818525212e-22 -1.253960721972680240e-22 -3.156709107626341604e-23 -1.451145410450512371e-23 -2.854988407840229113e-24 2.984780436101158828e-24 2.932866027016356502e-25 -2.414133997353615985e-22 7.445010627853203983e-23 1.981410281227154099e-22 -4.307249847222385729e-23 1.621424036507205428e-23 -1.181823734656414772e-23 2.449385011154819896e-24 1.273854359542107887e-24 -3.067151102798559524e-22 2.165067157243201662e-22 -2.496623595254222084e-22 3.381533629553933497e-23 -4.565447609338628184e-23 6.951655248405935020e-24 4.759853849653473549e-24 4.902774589960389844e-25
-2.935946417259258473e-19 1.275081100609559254e-19 -2.772698742172486569e-19 -1.473347537627826302e-19 -4.341126812320236047e-20 2.182503755927803912e-20 3.436476104524976062e-21 8.662216108306975646e-22 2.075858232973978327e-18 8.392126273481606472e-19 -3.008357656545654927e-19 -1.935712172219415098e-19 3.603034283424943063e-20 1.390572703188051206e-20 -3.771363376535315165e-21 -5.641164902662304465e-22 8.474073636118146482e-18 1.518769631181560910e-19 1.864576219107530826e-19 -5.399396002609820991e-22 1.053355901830145876e-20 2.485341970042354125e-20 -2.534903448458405397e-21 -2.774526817640273889e-23 3.268688217250825999e-18 1.291506929168757653e-19 -1.431271359672722565e-19 -4.500092203779438305e-20 2.950675048405226162e-20 1.342547013956641305e-20 2.487454439084082432e-21 -8.263785311327422042e-22 2.902975694916515575e-18 6.060321739844445927e-20 -3.662846080804232634e-19 -2.152482254601940213e-20 7.292239764518710170e-21 -1.974661363238268656e-20 2.456260292957870488e-21 -3.121392128527995510e-22
6.602371849163734606e-19 5.831099930638488477e-19 -2.557163061060854744e-20 6.313601944537365554e-21 8.674466089862395561e-21 3.712578873581311318e-21 4.336799665906054066e-21 8.143462159341085784e-23 -3.631782871704761873e-19 1.904867804336604741e-19 -1.237005541003889913e-19 2.072981160246147677e-20 -4.481619775834422673e-20 -4.843153686894948971e-21 3.991397422595832258e-21 1.111816333818525212e-22 1.518769631181560910e-19 3.701278281349801459e-18 -1.571981594025791170e-19 -5.343380047921516869e-20 -2.597932652576031416e-20 -5.857793924049222698e-21 -1.185985311876062920e-21 4.688131519063931283e-22 -2.819721647464337344e-19 1.010789659232794344e-18 -1.248716518812349106e-19 -4.365756234578035527e-20 -1.513419602533531151e-20 2.185164076465554377e-21 -2.217254098886823072e-21 3.733525022447555224e-22 1.983501395932102521e-19 1.168048173803412102e-18 -3.283580604793961373e-19 1.368049998918994601e-19 -4.450248239093737654e-20 6.932740316453989583e-21 3.728529691612083345e-21 -2.305656199157358518e-22
7.102697084571409074e-20 4.412633731063817493e-20 -1.781167026059310381e-19 -3.633289540562282070e-20 -1.566841375637134496e-20 -2.909976862937185558e-21 4.045860586626061698e-21 -4.058839719346014379e-22 2.380854873190162760e-19 -6.098052812922419343e-21 4.344289076432670941e-20 5.191523255128937097e-23 -2.804558942630151022e-21 -3.697862508318294952e-21 1.999013774751592170e-22 -1.253960721972680240e-22 1.864576219107530826e-19 -1.571981594025791170e-19 8.902146510666007859e-19 -4.851338471207656614e-20 -5.277271131056089534e-21 -1.813842311808151000e-21 -8.457918420221622198e-22 -6.743229610792517187e-23 3.166927635783007286e-19 -5.942532423073526958e-20 2.035518494752957068e-19 5.382192805297390073e-22 2.736513217178507694e-20 1.503240670076607917e-21 5.845662136020054635e-22 8.466452923411474851e-23 2.138779620964502848e-19 1.157063964727107428e-19 2.712590440113405817e-19 -2.113329580365524327e-20 -2.053326713081508467e-21 -8.240188126258557731e-21 4.162221957292618408e-22 1.253399216185877031e-22
2.073325620018114809e-19 5.104674433976280503e-20 -1.995393830133215115e-20 2.031038672904589786e-20 -2.845083437498472450e-21 1.746824788971984070e-21 -1.123343223894099013e-21 6.928765896738160629e-23 2.054802801795847540e-19 4.003615434494280190e-20 4.669763984918424115e-21 3.070483511767374080e-20 -7.349043306606097518e-21 -2.166476732208911252e-21 -2.818797085220673655e-22 -3.156709107626341604e-23 -5.399396002609820991e-22 -5.343380047921516869e-20 -4.851338471207656614e-20 2.211707793335603052e-19 -2.824875016039362954e-21 -2.289090864115761135e-22 -3.650585010602562490e-23 3.550181798750908030e-23 -2.988826125959215998e-20 4.286463279752617408e-20 -1.360632966901650598e-20 2.965754112756288527e-20 -1.359416210829698850e-21 7.445310312925440046e-22 3.772937849521267564e-22 -5.404278276836359683e-23 5.588074282742803500e-20 8.654764672723588426e-20 -1.395231282609710624e-20 3.337261477654636437e-20 -1.819508978786378195e-21 -5.348699362345586899e-21 1.273371139321828330e-21 -9.295484425286460058e-23
-8.827626075790373474e-21 -5.531374331944949811e-20 -3.675429303347256992e-21 3.365970610468434529e-21 -7.585516339970726068e-22 -7.444906043587333431e-22 -2.163556127569899006e-22 -1.617508329593815521e-23 3.873231515264981990e-20 9.779349206076332737e-21 1.054584900582212288e-20 4.099133140732677190e-21 2.476459339913054010e-21 2.017859852160504515e-22 6.131232273873042162e-23 -1.451145410450512371e-23 1.053355901830145876e-20 -2.597932652576031416e-20 -5.277271131056089534e-21 -2.824875016039362954e-21 3.764587034356331234e-20 -1.216052485825038645e-22 -1.013148171562572036e-23 -1.354588195865147853e-23 1.038496026415045212e-20 -5.987837735562425931e-22 -2.416268235860251881e-21 -5.173757766668640925e-21 3.403433853470064589e-21 -1.371304953968999671e-21 7.465678545063606005e-23 -1.193357092796352993e-23 -7.751203159869408901e-22 1.385666335705970817e-20 -4.214803875659767862e-21 5.421448684481351804e-21 2.822482668829295950e-21 1.631807010141823733e-21 -3.783728183433961843e-22 -3.361430542228237362e-23
-2.402788070622106258e-20 -6.990730260871360037e-21 1.969923169331327946e-21 -5.127846526800150539e-21 9.388789498669214453e-22 1.229103611748958888e-22 -5.249487448438433907e-23 4.087495781691270818e-23 8.205602310401943122e-21 8.104480834771702466e-21 -1.806046960939275563e-21 -3.447459185238969906e-22 -1.380200462374459883e-21 1.241306770630339916e-21 7.158326831817385114e-23 -2.854988407840229113e-24 2.485341970042354125e-20 -5.857793924049222698e-21 -1.813842311808151000e-21 -2.289090864115761135e-22 -1.216052485825038645e-22 4.495108101409021483e-21 -1.038690536986853950e-22 7.606873250283950468e-24 1.187772150442344081e-20 5.257825419520388879e-21 5.038054406865194806e-21 -1.498993930445296460e-21 -1.470496953074059370e-23 4.110791326613628377e-22 -7.180243393625515352e-23 -1.928404948833869662e-23 1.020542914656044592e-20 2.641248924617375588e-21 -4.785930635098558903e-21 -3.267307860338213234e-21 1.399666564308423437e-21 3.893425712836477299e-22 -1.278683356914830444e-23 2.228731236271763065e-24
-7.401859630409600941e-21 -1.763753237354543596e-21 -1.045749460188185323e-21 -3.388707713958834543e-22 1.760774475723533731e-22 1.051178973653518476e-22 2.802954451675321413e-23 -5.116402460826352898e-24 -1.296529446280685623e-21 -1.387300143742177463e-21 9.030268513541105420e-22 7.518611565078327620e-22 -3.920517045358705236e-22 -3.613567320952006851e-23 -4.876906842121817463e-23 2.984780436101158828e-24 -2.534903448458405397e-21 -1.185985311876062920e-21 -8.457918420221622198e-22 -3.650585010602562490e-23 -1.013148171562572036e-23 -1.038690536986853950e-22 3.421002979521689739e-22 -5.675157013150053654e-24 -4.150915872606905367e-21 -8.355781934400023022e-22 -5.936455859625206033e-22 -4.451044800533045902e-22 -2.046927301868031315e-22 -2.245757155414644836e-23 3.965958724743981197e-23 5.908370496534856006e-24 -5.173231547421123525e-21 -3.294846708945768569e-22 1.392218782240053467e-21 -4.233689476706016434e-22 -6.115359353070717611e-23 6.713704421504207379e-23 5.289096112047245209e-24 -1.198565640583848571e-24
-1.044706552254231220e-22 2.931187603485911440e-22 -3.136664805702547670e-22 2.909306469927437409e-22 5.336906222057845290e-23 -1.204864344965004061e-24 -6.517025938259634636e-24 6.572327661824465249e-25 -3.493095843737658039e-22 -2.788356756144737789e-23 -1.233730433316470682e-22 3.498727253564281080e-23 7.381903936845202936e-24 -3.390907942699953778e-24 -2.352914904104660285e-24 2.932866027016356502e-25 -2.774526817640273889e-23 4.688131519063931283e-22 -6.743229610792517187e-23 3.550181798750908030e-23 -1.354588195865147853e-23 7.606873250283950468e-24 -5.675157013150053654e-24 8.012147420569365518e-24 -1.921057946716673547e-22 3.972102024013417802e-22 -1.682816055676187133e-22 -1.115960134091668884e-22 2.032526406157450000e-23 -9.001362198472992068e-24 3.970793940099890101e-24 -3.797647778944822407e-25 3.000895163300648907e-22 1.692873468825656481e-22 -2.827519390971387323e-22 1.164961627841784633e-22 -6.539451760729626946e-23 -2.352692209154868906e-23 5.258477055872881229e-24 -3.706418108928194326e-25
-7.506972612562697372e-20 -1.809851820392426702e-19 -1.263605120036991550e-19 -1.193121812337913325e-19 -4.907316066846999657e-20 -8.892393670190291967e-21 -2.404514207610872755e-21 -3.515412102567002428e-22 2.332160296237814267e-18 1.012050406905567597e-20 -2.754818303614531521e-20 -7.031669546901921637e-20 -2.458019253244802802e-20 -4.535215275616678193e-21 -1.131800043285719152e-21 -2.414133997353615985e-22 3.268688217250825999e-18 -2.819721647464337344e-19 3.166927635783007286e-19 -2.988826125959215998e-20 1.038496026415045212e-20 1.187772150442344081e-20 -4.150915872606905367e-21 -1.921057946716673547e-22 1.277386514582933039e-17 3.385386492915080506e-19 1.864524137789401982e-19 1.706975589795378757e-20 1.539790082080672341e-20 9.565675593269056443e-21 2.153647787720506268e-21 -1.160541274659039951e-21 5.034362824044231808e-18 9.437592572277295580e-20 -3.617440380829258615e-19 -2.727482573563786877e-19 1.638482829247638002e-20 -3.056257780085453253e-20 4.186098709487213800e-21 -5.165375304418735128e-22
1.842353428816149746e-19 5.036112500813068476e-19 3.054219476010557733e-20 2.921872114870345774e-20 -4.189677534053271276e-20 1.086140723590749686e-21 1.592031990120262116e-21 -5.409610576873060849e-22 3.342001763960823115e-20 4.020352363252579265e-19 -2.039733671651104357e-19 8.002152347222269574e-20 -1.695732445463210010e-20 -3.016215238546777134e-21 3.163587529327974644e-21 7.445010627853203983e-23 1.291506929168757653e-19 1.010789659232794344e-18 -5.942532423073526958e-20 4.286463279752617408e-20 -5.987837735562425931e-22 5.257825419520388879e-21 -8.355781934400023022e-22 3.972102024013417802e-22 3.385386492915080506e-19 4.664840121746017978e-18 -1.388527308575249316e-19 -1.375549439492978216e-19 1.603540071892318477e-20 -3.561170769367528659e-21 5.820195288304365129e-23 -2.515962376356107137e-22 4.211639072574036572e-19 1.983211699342149514e-18 -1.269724605751571071e-19 -2.174960324771123646e-20 -2.913630176734087689e-20 -8.711131939121587843e-21 4.181072635705911176e-21 -3.516514213328299250e-23
-4.010597434567174922e-20 1.128541560917366426e-19 -1.975123644784320285e-19 -2.398394526396287092e-20 1.698173321589426504e-20 -4.040550308909902193e-21 -1.058410150794646461e-21 2.141501301110504158e-23 4.430868425755966118e-19 1.893719779247816283e-19 1.832845986380744812e-19 6.436952712217503095e-21 5.933341242206309595e-21 -4.021684090352452531e-21 2.323134434479059334e-21 1.981410281227154099e-22 -1.431271359672722565e-19 -1.248716518812349106e-19 2.035518494752957068e-19 -1.360632966901650598e-20 -2.416268235860251881e-21 5.038054406865194806e-21 -5.936455859625206033e-22 -1.682816055676187133e-22 1.864524137789401982e-19 -1.388527308575249316e-19 1.470690769883978375e-18 -1.127466913239752796e-19 -1.890243989582666207e-20 7.318872794249974078e-21 2.293390291952400203e-21 -3.491062360086442782e-22 -3.977339100350845957e-19 -2.162549485508514243e-19 5.059301381564736575e-19 -1.904362217687310947e-20 -6.194795668375343351e-21 -1.572408025590994066e-22 -2.650285345282002554e-22 1.454058899469249227e-22
2.487911151293327378e-19 -4.417734951858722562e-20 2.133628602934731782e-20 -8.368875093542236974e-21 -1.798695997660139155e-21 1.108345002194089672e-21 4.614251879891202719e-22 3.718741968184986952e-23 1.094930294293745922e-19 -1.253995978464407659e-19 -1.907699208379408689e-20 -2.841895827020209845e-21 3.601907051782932925e-22 -3.902580096048870786e-21 -4.237358825664372611e-22 -4.307249847222385729e-23 -4.500092203779438305e-20 -4.365756234578035527e-20 5.382192805297390073e-22 2.965754112756288527e-20 -5.173757766668640925e-21 -1.498993930445296460e-21 -4.451044800533045902e-22 -1.115960134091668884e-22 1.706975589795378757e-20 -1.375549439492978216e-19 -1.127466913239752796e-19 2.906927252732220899e-19 -3.955418791022774939e-22 -4.056757501339355740e-21 -8.869478933550786523e-22 -9.846172857452211313e-24 -1.068653205744903692e-19 -7.419549827541085433e-20 -2.214516243325610856e-20 1.125448985534469086e-19 -2.676072608540240030e-21 -4.306500544584941100e-21 1.552347757749823314e-21 1.967515853389046240e-22
5.544408640922172612e-20 -1.878293409932008307e-20 3.674531158159591251e-20 -2.504123826655467380e-21 -4.692362004934919070e-21 2.659510069687083165e-21 -2.933954511545329505e-23 -7.718123058708961749e-23 3.182066986518235883e-20 2.002496573533928507e-20 1.288524593408398379e-20 -3.692507087494968518e-21 5.374473384680568311e-21 -7.418408102779216013e-22 1.322711412929428920e-22 1.621424036507205428e-23 2.950675048405226162e-20 -1.513419602533531151e-20 2.736513217178507694e-20 -1.359416210829698850e-21 3.403433853470064589e-21 -1.470496953074059370e-23 -2.046927301868031315e-22 2.032526406157450000e-23 1.539790082080672341e-20 1.603540071892318477e-20 -1.890243989582666207e-20 -3.955418791022774939e-22 4.580385287319261797e-20 -1.094222990322803882e-21 -5.387084039761624738e-22 -5.804212224993671614e-23 1.652305134710998825e-20 3.933079353488204246e-20 6.554540716634665035e-21 7.470340097573462167e-21 8.527843788430692847e-21 -1.026133680735961806e-21 -5.516568910369287323e-22 -3.009436944095380378e-23
-1.083501120596742150e-21 3.214917828741342426e-20 -8.433345285408728864e-21 -4.044798963614431015e-21 4.535008050951852656e-22 3.545895804897660803e-22 1.495936354227263462e-22 1.647530358690625253e-23 -1.809504690673072565e-20 6.598584712387450221e-21 9.784692264940752117e-22 1.624320716018589337e-21 -9.915431635987165860e-22 1.329515748085897257e-22 -1.317691587878914224e-22 -1.181823734656414772e-23 1.342547013956641305e-20 2.185164076465554377e-21 1.503240670076607917e-21 7.445310312925440046e-22 -1.371304953968999671e-21 4.110791326613628377e-22 -2.245757155414644836e-23 -9.001362198472992068e-24 9.565675593269056443e-21 -3.561170769367528659e-21 7.318872794249974078e-21 -4.056757501339355740e-21 -1.094222990322803882e-21 6.294990231823573086e-21 -1.108981238272558039e-22 -4.487213869543689207e-24 3.146170182571364730e-21 -1.121597871066626480e-20 6.152946488196156022e-21 -5.390590802166302498e-24 4.893123836034198883e-22 1.243265911297674126e-22 1.908070054827243077e-23 -1.059959399574221602e-23
-7.081609160156886829e-21 8.561114960342168371e-22 -4.312764904627989249e-21 1.583424600571348670e-21 3.134778107540538455e-23 -9.749829850134209655e-23 5.221114081266854776e-23 5.302648142493298102e-24 1.750587686770253013e-21 -2.258177038068570395e-21 1.312921441767169800e-21 -4.451704775551239244e-22 4.469098719567453496e-22 4.214012394412828611e-23 -2.195397310512490307e-23 2.449385011154819896e-24 2.487454439084082432e-21 -2.217254098886823072e-21 5.845662136020054635e-22 3.772937849521267564e-22 7.465678545063606005e-23 -7.180243393625515352e-23 3.965958724743981197e-23 3.970793940099890101e-24 2.153647787720506268e-21 5.820195288304365129e-23 2.293390291952400203e-21 -8.869478933550786523e-22 -5.387084039761624738e-22 -1.108981238272558039e-22 5.151232236798104604e-22 -6.213011578290908009e-24 3.934474277776247812e-22 -1.096556047106197912e-21 -3.743713250380477464e-22 5.316315965009242424e-22 -5.932421057958951615e-22 -1.664309383107006944e-22 -2.773289827902608174e-23 2.052637146337763798e-25
1.127543297544457464e-21 5.843280226616492982e-22 1.700772913778568726e-22 -6.016889189375262294e-24 9.090493012684656521e-23 -1.705822380452619041e-23 6.863464927554929942e-24 1.653633759098310425e-25 -9.599073666773371873e-22 5.903543788392751021e-23 -1.818276288624153473e-22 7.590584553574836506e-23 -7.610645337264344098e-24 -1.384670416280485622e-24 -1.589026223648251747e-24 1.273854359542107887e-24 -8.263785311327422042e-22 3.733525022447555224e-22 8.466452923411474851e-23 -5.404278276836359683e-23 -1.193357092796352993e-23 -1.928404948833869662e-23 5.908370496534856006e-24 -3.797647778944822407e-25 -1.160541274659039951e-21 -2.515962376356107137e-22 -3.491062360086442782e-22 -9.846172857452211313e-24 -5.804212224993671614e-23 -4.487213869543689207e-24 -6.213011578290908009e-24 1.011789269200750459e-23 -1.905214003880540618e-22 3.443796077767418050e-22 4.865347359347306521e-23 -1.349253715314627490e-22 3.885962973428562061e-24 6.298567578777510328e-24 3.127372261684841376e-24 7.933366021380898448e-25
1.184762400216402715e-18 -5.423186015298249398e-19 -1.797483883572494009e-19 -1.035622027992613014e-19 -1.057715436485768542e-19 -1.363314209510169576e-20 8.060178298088505212e-21 -4.141129211471744695e-22 1.383460520259945062e-18 1.244155188009138466e-19 -1.972491486644927459e-19 1.351188566391099103e-19 -1.660253634925818553e-20 -1.677019034718516736e-21 1.475136130574368342e-23 -3.067151102798559524e-22 2.902975694916515575e-18 1.983501395932102521e-19 2.138779620964502848e-19 5.588074282742803500e-20 -7.751203159869408901e-22 1.020542914656044592e-20 -5.173231547421123525e-21 3.000895163300648907e-22 5.034362824044231808e-18 4.211639072574036572e-19 -3.977339100350845957e-19 -1.068653205744903692e-19 1.652305134710998825e-20 3.146170182571364730e-21 3.934474277776247812e-22 -1.905214003880540618e-22 1.488168236557791687e-17 3.766824514279570141e-19 -4.245171289221239786e-19 -1.663922020522766551e-19 1.369909805176736177e-20 2.541554212802610553e-20 4.671969218549605708e-21 -7.757234024441029121e-22
8.045697279123464517e-20 3.372882392680914934e-19 -3.717003660683980725e-19 -4.906581123699053144e-20 -3.129985511503871005e-20 -9.396010168467242128e-21 6.707971189780316008e-21 -1.173377616924017827e-21 3.344648675315320729e-19 6.039478221177364776e-19 -2.173179770276270463e-19 -2.005437718776442790e-20 -1.337375016525265195e-20 -4.586735833258221619e-21 2.635208294365350905e-21 2.165067157243201662e-22 6.060321739844445927e-20 1.168048173803412102e-18 1.157063964727107428e-19 8.654764672723588426e-20 1.385666335705970817e-20 2.641248924617375588e-21 -3.294846708945768569e-22 1.692873468825656481e-22 9.437592572277295580e-20 1.983211699342149514e-18 -2.162549485508514243e-19 -7.419549827541085433e-20 3.933079353488204246e-20 -1.121597871066626480e-20 -1.096556047106197912e-21 3.443796077767418050e-22 3.766824514279570141e-19 6.774918333650914397e-18 -5.013772435607173826e-19 -1.597663569749388091e-19 -4.752531699680819341e-20 6.045348249565364595e-21 7.381043435300602324e-21 -4.649638941834913236e-22
-5.418643483551154608e-20 -3.725391107556018113e-19 9.607148127450280598e-20 2.369185461046287342e-20 -4.464827787849842419e-20 2.273164208224825517e-21 6.019076800098731241e-22 2.505662757425046205e-23 3.894843638820866126e-19 -6.807332662633087968e-20 2.572369322481136404e-19 8.499673189404718488e-20 2.329078570529161373e-21 2.708117431759775825e-21 -1.564415536646738819e-21 -2.496623595254222084e-22 -3.662846080804232634e-19 -3.283580604793961373e-19 2.712590440113405817e-19 -1.395231282609710624e-20 -4.214803875659767862e-21 -4.785930635098558903e-21 1.392218782240053467e-21 -2.827519390971387323e-22 -3.617440380829258615e-19 -1.269724605751571071e-19 5.059301381564736575e-19 -2.214516243325610856e-20 6.554540716634665035e-21 6.152946488196156022e-21 -3.743713250380477464e-22 4.865347359347306521e-23 -4.245171289221239786e-19 -5.013772435607173826e-19 1.850854358475080077e-18 -5.013484356400381524e-20 -2.114713562147638456e-20 -1.546150721636770829e-21 -2.664391114360183275e-21 3.737704620012745681e-22
4.144269519019882600e-19 3.244075363353456421e-20 -1.737826676622989314e-20 5.284712935218327638e-20 1.980286574652705938e-21 5.595344181379846380e-21 3.057911411925486620e-22 -8.085335577125595386e-23 4.556909574648317683e-20 -2.330674836591095364e-20 3.021241561130050336e-20 5.422996940145676982e-20 -3.347950467765622132e-21 2.622270870145249590e-21 -2.783666600048666520e-22 3.381533629553933497e-23 -2.152482254601940213e-20 1.368049998918994601e-19 -2.113329580365524327e-20 3.337261477654636437e-20 5.421448684481351804e-21 -3.267307860338213234e-21 -4.233689476706016434e-22 1.164961627841784633e-22 -2.727482573563786877e-19 -2.174960324771123646e-20 -1.904362217687310947e-20 1.125448985534469086e-19 7.470340097573462167e-21 -5.390590802166302498e-24 5.316315965009242424e-22 -1.349253715314627490e-22 -1.663922020522766551e-19 -1.597663569749388091e-19 -5.013484356400381524e-20 3.747704432871330086e-19 -1.659485574921944547e-20 1.312814304636074828e-23 -5.228948404857673908e-22 3.615822144037217346e-23
4.200940574521570366e-20 4.545652202926846597e-21 4.241019942130040475e-20 -1.007899592808056237e-20 1.127192279815078968e-21 3.313279014797004565e-21 -6.103169364824333515e-23 6.168733724825757183e-24 3.335466354467874050e-20 5.043938574362402103e-20 -2.151429979005881275e-20 -5.857569314090009719e-21 2.671899403533630246e-21 -5.305538209783689212e-22 -1.529425984960502430e-23 -4.565447609338628184e-23 7.292239764518710170e-21 -4.450248239093737654e-20 -2.053326713081508467e-21 -1.819508978786378195e-21 2.822482668829295950e-21 1.399666564308423437e-21 -6.115359353070717611e-23 -6.539451760729626946e-23 1.638482829247638002e-20 -2.913630176734087689e-20 -6.194795668375343351e-21 -2.676072608540240030e-21 8.527843788430692847e-21 4.893123836034198883e-22 -5.932421057958951615e-22 3.885962973428562061e-24 1.369909805176736177e-20 -4.752531699680819341e-20 -2.114713562147638456e-20 -1.659485574921944547e-20 5.711067995041793323e-20 -2.128572082063853151e-21 -7.610874362300383968e-23 -7.183992718605890921e-23
-2.660087694873143373e-20 -7.113284788217787921e-21 1.192683587548362966e-22 -3.478482111423052881e-21 5.956774047973978120e-22 -3.288525391320170376e-22 -9.011645482082114876e-23 -3.720547559209194071e-23 -2.421550478493966863e-20 6.828427115797811022e-21 -3.329543531591509200e-21 1.483148197161591295e-21 -1.276472230473500662e-21 6.221099480368734839e-22 2.689526671057811559e-23 6.951655248405935020e-24 -1.974661363238268656e-20 6.932740316453989583e-21 -8.240188126258557731e-21 -5.348699362345586899e-21 1.631807010141823733e-21 3.893425712836477299e-22 6.713704421504207379e-23 -2.352692209154868906e-23 -3.056257780085453253e-20 -8.711131939121587843e-21 -1.572408025590994066e-22 -4.306500544584941100e-21 -1.026133680735961806e-21 1.243265911297674126e-22 -1.664309383107006944e-22 6.298567578777510328e-24 2.541554212802610553e-20 6.045348249565364595e-21 -1.546150721636770829e-21 1.312814304636074828e-23 -2.128572082063853151e-21 7.908463551497190238e-21 -2.056692345989244330e-22 -6.819149875470757105e-24
-1.216328877533677101e-21 6.109792114890257456e-23 -3.621300940366325501e-21 -1.899487735041748369e-22 -2.423226518335294911e-22 -9.071984243371736666e-23 2.778850182001059036e-23 4.116423088032364852e-24 6.114079819514692588e-21 2.144580109079313389e-21 -3.091892285520867824e-21 -1.972798992571352484e-22 2.475216275262113014e-22 -1.884947121814395795e-22 -3.416964390357417653e-23 4.759853849653473549e-24 2.456260292957870488e-21 3.728529691612083345e-21 4.162221957292618408e-22 1.273371139321828330e-21 -3.783728183433961843e-22 -1.278683356914830444e-23 5.289096112047245209e-24 5.258477055872881229e-24 4.186098709487213800e-21 4.181072635705911176e-21 -2.650285345282002554e-22 1.552347757749823314e-21 -5.516568910369287323e-22 1.908070054827243077e-23 -2.773289827902608174e-23 3.127372261684841376e-24 4.671969218549605708e-21 7.381043435300602324e-21 -2.664391114360183275e-21 -5.228948404857673908e-22 -7.610874362300383968e-23 -2.056692345989244330e-22 5.174190327982599691e-22 -7.561130373011823105e-24
