# Created by Tilman Tröster (tilman@troester.space) on 2021-08-21 16:14:34 using add_up_covariance_terms.py
# Covariance total_SSC_mask (gaussian_nka+hmx_cNG_1h+hmx_SSC_mask_wl+m) of Cl_TE (tomographic bins (0, 0), (1, 0), (2, 0), (3, 0), (4, 0))
5.101067281098326051e-26 1.086746849600203202e-26 5.327722773229965093e-27 2.347952769924412547e-27 9.331481422711577497e-28 3.331851847233227256e-28 1.068844629816489521e-28 3.001565311793579912e-29 7.123696178832122640e-30 1.313312109382008613e-30 1.559835943700727510e-31 8.064438656787387310e-33 2.262809616536776685e-26 1.180001296675124820e-26 5.759233658949022235e-27 2.573534595885397954e-27 1.041594060915169517e-27 3.800614188579850441e-28 1.247842122166059291e-28 3.585826233280445157e-29 8.651556239765138388e-30 1.605368158173491365e-30 1.877910857058052585e-31 9.362031408120050218e-33 2.277010669945035325e-26 1.197341422637856684e-26 5.861835033461341227e-27 2.629120249600204053e-27 1.068890970278306738e-27 3.921026576068933145e-28 1.295159250694762524e-28 3.746593730403612056e-29 9.104101370129957568e-30 1.700893872465502760e-30 1.998777626379121470e-31 9.949942556788798843e-33 2.305563989526124283e-26 1.221859745408718612e-26 6.006175101909967327e-27 2.706800609825915153e-27 1.106712300750000652e-27 4.085691846969964979e-28 1.358550935394410197e-28 3.954780740986147665e-29 9.660172017751455654e-30 1.811148457002497189e-30 2.131713867440417558e-31 1.059094832372009467e-32 2.318077358177950664e-26 1.230810736658524362e-26 6.058527897529508776e-27 2.734789665506292976e-27 1.120266487645130964e-27 4.144485184848824273e-28 1.381135647643815677e-28 4.028935969342790181e-29 9.859729762629192151e-30 1.852310566428146694e-30 2.187078588921210625e-31 1.091408061330448231e-32
1.086746849600203202e-26 1.860791534745182274e-26 3.398963290857294850e-27 1.630448330490899248e-27 6.885394466208814371e-28 2.572246254226635401e-28 8.517929224800896926e-29 2.421804458059473823e-29 5.646748877587813842e-30 9.811075666142819511e-31 1.055233626551414635e-31 4.888805692825241036e-33 1.180016688586770043e-26 7.325847598483884159e-27 3.789125865300476410e-27 1.814536203453591744e-27 7.806070255104111005e-28 2.984221569775569030e-28 1.012576844924354680e-28 2.951147190814944601e-29 7.031024221887999365e-30 1.240753466447739633e-30 1.329641804887849254e-31 5.954314629025518439e-33 1.197352019810848139e-26 7.416871076366229534e-27 3.868621176837494311e-27 1.860010126649044528e-27 8.040307515594934549e-28 3.090987269630411057e-28 1.055436965706990126e-28 3.097979689111802625e-29 7.440507305386461503e-30 1.324584587983495525e-30 1.430783099662863981e-31 6.422012144798396446e-33 1.221863210601559912e-26 7.567967617761109996e-27 3.979933536911849127e-27 1.923405584214494844e-27 8.364657353884990083e-28 3.237229150824471085e-28 1.113184523179527767e-28 3.290579423538602255e-29 7.955911849552157074e-30 1.424813255914493714e-30 1.546204379391915836e-31 6.944508370198493260e-33 1.230807446609706082e-26 7.628979884751131209e-27 4.019992544445202307e-27 1.946112635822144494e-27 8.480323539527227600e-28 3.289233857991733124e-28 1.133696848064169305e-28 3.359018187408681912e-29 8.140295801310989084e-30 1.461781931294000020e-30 1.592886083438888619e-31 7.196303988199406998e-33
5.327722773229965093e-27 3.398963290857294850e-27 6.794752363119950444e-27 9.950879076501608181e-28 4.573467620101632634e-28 1.806725430611893657e-28 6.263965640630411586e-29 1.844036440150174476e-29 4.366630376436842148e-30 7.471746296305228584e-31 7.621639877708979345e-32 3.234292735155191684e-33 5.759379317913426260e-27 3.789165681786552692e-27 2.263172046581477494e-27 1.150831373685149543e-27 5.291155892015772730e-28 2.142008618030823826e-28 7.619658465501538479e-29 2.300023219373444173e-29 5.574675480916779623e-30 9.738553849615390853e-31 9.982709343824320018e-32 4.139896915738019820e-33 5.862025864142348263e-27 3.868688348152321346e-27 2.308611382697727793e-27 1.184605650345001750e-27 5.475242628373465063e-28 2.229874145805926497e-28 7.984698249592958931e-29 2.427865487059019584e-29 5.933753447175588862e-30 1.046625691636979190e-30 1.083634656121665781e-31 4.519406441744056165e-33 6.006376444313290058e-27 3.980034077833597506e-27 2.378337639456237825e-27 1.231533500579039252e-27 5.729669406922966127e-28 2.350187558602650696e-28 8.477432108757345138e-29 2.596644276941757153e-29 6.392369999534189638e-30 1.135698462345884773e-30 1.183883362405362602e-31 4.954340650222269454e-33 6.058633603104920817e-27 4.020069946283241770e-27 2.405207004797988702e-27 1.248252231889994463e-27 5.820044808633468408e-28 2.392843891010926820e-28 8.652079503460293130e-29 2.656539958204287758e-29 6.556180459702650983e-30 1.168321703101393945e-30 1.223538792283365635e-31 5.155765528118799597e-33
2.347952769924412547e-27 1.630448330490899248e-27 9.950879076501608181e-28 2.412403234031335306e-27 2.696610742181838723e-28 1.158892134783576169e-28 4.220913957370564720e-29 1.298582365775513720e-29 3.177514779417064242e-30 5.484101621938167949e-31 5.467516140738920673e-32 2.204193415316688398e-33 2.573609581271297892e-27 1.814543298327204596e-27 1.150822576973115861e-27 6.703825267326355790e-28 3.270849914771599255e-28 1.411204690682162339e-28 5.290468945804129121e-29 1.669430932898075786e-29 4.180261836015900772e-30 7.394062996430271626e-31 7.448632541462506316e-32 2.924740701256871919e-33 2.629296393223367768e-27 1.860076743802325033e-27 1.184608125629927728e-27 6.907627553224758071e-28 3.403672562661359751e-28 1.478426694101552309e-28 5.582443582537272719e-29 1.774989215616817003e-29 4.482448064829752408e-30 8.008679939207040079e-31 8.159840465953689642e-32 3.232622774950718506e-33 2.707044519303558545e-27 1.923541056530318579e-27 1.231570098770892580e-27 7.205590195120473709e-28 3.586653145016379324e-28 1.570283287578555354e-28 5.976215337801910652e-29 1.914689038288236205e-29 4.871610690246130240e-30 8.772757841107911855e-31 9.013685381202970218e-32 3.592758815728637205e-33 2.735001912275507480e-27 1.946251069962069621e-27 1.248302587243678069e-27 7.316488831653153876e-28 3.651454812187037732e-28 1.602786466188763609e-28 6.115616411794832992e-29 1.964246964858124182e-29 5.010580379300477630e-30 9.051994354821086754e-31 9.345939808277396575e-32 3.753658976156815821e-33
9.331481422711577497e-28 6.885394466208814371e-28 4.573467620101632634e-28 2.696610742181838723e-28 8.557677372379669765e-28 6.437119518246028364e-29 2.539397258323578647e-29 8.171682919622862279e-30 2.090047699494278233e-30 3.706946541056655260e-31 3.706118021475775283e-32 1.469455458860891204e-33 1.041586992076918032e-27 7.805709810315452120e-28 5.290773250618357802e-28 3.270625546865883724e-28 1.826286069650747253e-28 8.320560066611488768e-29 3.302763582382390718e-29 1.093581014898628035e-29 2.856176176473809779e-30 5.204499426089808281e-31 5.278501368833799051e-32 2.014834593444253770e-33 1.068960822449170097e-27 8.040477579348783900e-28 5.475048147890159700e-28 3.403462717259930370e-28 1.906106601968436415e-28 8.784106588609166206e-29 3.515767392815966291e-29 1.173855984517273662e-29 3.092766858583204965e-30 5.693647050859478535e-31 5.845007878201892590e-32 2.256663225223296861e-33 1.106848497108235180e-27 8.365437874048129155e-28 5.729830497103615189e-28 3.586553856081940223e-28 2.019417436109172049e-28 9.414917304251831083e-29 3.802193192663784490e-29 1.279968659918020647e-29 3.398338168024320470e-30 6.307559671648099904e-31 6.535816691950535793e-32 2.544530682779597784e-33 1.120417196063993014e-27 8.481367175483059851e-28 5.820456458057382945e-28 3.651452117722670507e-28 2.060759471425576499e-28 9.637981996814421596e-29 3.903601659005813713e-29 1.317650337473117823e-29 3.507619144394019175e-30 6.531502611248606029e-31 6.801855688929556843e-32 2.669209324016634232e-33
3.331851847233227256e-28 2.572246254226635401e-28 1.806725430611893657e-28 1.158892134783576169e-28 6.437119518246028364e-29 3.199618054910126713e-28 1.275320282153722653e-29 4.441324627552122182e-30 1.193190263821172494e-30 2.202168047455785591e-31 2.277007073973984823e-32 9.358571311737508812e-34 3.799735991129511409e-28 2.983435286456710010e-28 2.141374598983058928e-28 1.410793488946812517e-28 8.318725895224850752e-29 4.334768780842357072e-29 1.797262143544593822e-29 6.257846401011644795e-30 1.710002397382393813e-30 3.249076738743509068e-31 3.391040376318271646e-32 1.297319524842306546e-33 3.920422062622061502e-28 3.090368563234274165e-28 2.229259186103103938e-28 1.477970920454698136e-28 8.781796752166399306e-29 4.597056496849799595e-29 1.933298571379598469e-29 6.798518092069686091e-30 1.875426340217461528e-30 3.600525258182365214e-31 3.804515379272428936e-32 1.474230520718713925e-33 4.085594687235588804e-28 3.237053599107862622e-28 2.349826710614495564e-28 1.569911656920310979e-28 9.412752877124598565e-29 4.961691184990489430e-29 2.115181989896703350e-29 7.509787747233649151e-30 2.088612594405937425e-30 4.042829542821075052e-31 4.313078879465804671e-32 1.687259868860112871e-33 4.144683508005619563e-28 3.289370701334849796e-28 2.392741880540367752e-28 1.602541346529185588e-28 9.636166286998899694e-29 5.093983518248730159e-29 2.179707560097079148e-29 7.763111270398321927e-30 2.165142912994283873e-30 4.204551328946926890e-31 4.508011705323149201e-32 1.777694576108227566e-33
1.068844629816489521e-28 8.517929224800896926e-29 6.263965640630411586e-29 4.220913957370564720e-29 2.539397258323578647e-29 1.275320282153722653e-29 1.171225832739126230e-28 1.912268717382486406e-30 5.679684709826151331e-31 1.106396645333004797e-31 1.192623429805950349e-32 5.685409396284226632e-34 1.246651255924062596e-28 1.011644498642363172e-28 7.612706004077734094e-29 5.285779377036619247e-29 3.300149992420728121e-29 1.796266080352230418e-29 8.539660082013557451e-30 3.051513577223351599e-30 8.696258227412364298e-31 1.725343803828099565e-31 1.876428472986554679e-32 7.360568694054650477e-34 1.293780103461026295e-28 1.054364669629933893e-28 7.976101143738242588e-29 5.576283246981548695e-29 3.512117197410739383e-29 1.931818343736588471e-29 9.234581668852750069e-30 3.361686327993068017e-30 9.689806341309678550e-31 1.943550986188336556e-31 2.140112451159923911e-32 8.507560113544546808e-34 1.357325248256756564e-28 1.112270599551351525e-28 8.469627062575136458e-29 5.970088028943044432e-29 3.798319456180291128e-29 2.113520401284093153e-29 1.018076219965854415e-29 3.766449916208468786e-30 1.096232566481237678e-30 2.217368738969277401e-31 2.465164816689776837e-32 9.896374525804652444e-34 1.380118391396087698e-28 1.132986374132117072e-28 8.645950926860869439e-29 6.110374731773809434e-29 3.900055797217524786e-29 2.178096031148637923e-29 1.052538510941961879e-29 3.911468313106489364e-30 1.142211320220171624e-30 2.318195959057509309e-31 2.590100819659455010e-32 1.048209987519554695e-33
3.001565311793579912e-29 2.421804458059473823e-29 1.844036440150174476e-29 1.298582365775513720e-29 8.171682919622862279e-30 4.441324627552122182e-30 1.912268717382486406e-30 3.981190434080918923e-29 1.783836490224560959e-31 4.383903531319732301e-32 4.928806323441168752e-33 3.510729425404075437e-34 3.575427687736288100e-29 2.943419223479121321e-29 2.294394270718764416e-29 1.665598407229911111e-29 1.091281803454896200e-29 6.246622330748755026e-30 3.047881810548428772e-30 1.263367592809620682e-30 3.597413365152130678e-31 7.398609171091940580e-32 8.403651335009841833e-33 3.430300373621230827e-34 3.732029934428941008e-29 3.087329082407027027e-29 2.419871393335793518e-29 1.769348675349091698e-29 1.170313184301328156e-29 6.780271149908101996e-30 3.355419785379747699e-30 1.396549703249560545e-30 4.080511907961372131e-31 8.499642568169392663e-32 9.776287310392579464e-33 4.043853238389488313e-34 3.939015552142656574e-29 3.279363416250272131e-29 2.588097777906808625e-29 1.908403230693783937e-29 1.275867083042777571e-29 7.487791386982236355e-30 3.758576182376931113e-30 1.574116985201322582e-30 4.693112481083677325e-31 9.871404186296435293e-32 1.146371698748145473e-32 4.788759473532166331e-34 4.013791406823977891e-29 3.348546676108697457e-29 2.648643250712178223e-29 1.958274536187437843e-29 1.313624342971347061e-29 7.740867503359345491e-30 3.903242488546246251e-30 1.639864000416547393e-30 4.916753961422661182e-31 1.038276998016323886e-31 1.211945055745309606e-32 5.103684506615174358e-34
7.123696178832122640e-30 5.646748877587813842e-30 4.366630376436842148e-30 3.177514779417064242e-30 2.090047699494278233e-30 1.193190263821172494e-30 5.679684709826151331e-31 1.783836490224560959e-31 1.165511802031350720e-29 3.336636244798321994e-33 1.435712676498160149e-33 2.179346955722626986e-34 8.591181800118635833e-30 6.987176734873454287e-30 5.543100498442885155e-30 4.158648119521953494e-30 2.842758839106131697e-30 1.702818889190518081e-30 8.666126550431226643e-31 3.589557230710090705e-31 1.231416189195519478e-31 2.416121244430882584e-32 2.839912949138998479e-33 1.212349856701874212e-34 9.007208119911601459e-30 7.371226464401412283e-30 5.883105751493190268e-30 4.446959921415542708e-30 3.069932135303094310e-30 1.862631340191597241e-30 9.632842002235695334e-31 4.064522261571608902e-31 1.385585925213720533e-31 2.832564864888479095e-32 3.374601397099604857e-33 1.458405980896921640e-34 9.542689618675937555e-30 7.873480701379560192e-30 6.331880466195698300e-30 4.828258181920761816e-30 3.369758303662250959e-30 2.072105659464579842e-30 1.088605356534965615e-30 4.670726934094553729e-31 1.589703260172611406e-31 3.346997742333342238e-32 4.028663079420358275e-33 1.757771885530649360e-34 9.738575334971620690e-30 8.056528065206845964e-30 6.495234499240773006e-30 4.966347355485077226e-30 3.477917869189445860e-30 2.147642842715218638e-30 1.133946069681349022e-30 4.891811245087613367e-31 1.668348010208980898e-31 3.542121039466817519e-32 4.288036098037479887e-33 1.886424588096209552e-34
1.313312109382008613e-30 9.811075666142819511e-31 7.471746296305228584e-31 5.484101621938167949e-31 3.706946541056655260e-31 2.202168047455785591e-31 1.106396645333004797e-31 4.383903531319732301e-32 3.336636244798321994e-33 2.483771300198979834e-30 -1.283819846548587045e-33 6.614362982666862632e-35 1.583975256316925273e-30 1.225381486670341788e-30 9.628431525909429269e-31 7.318478011631906800e-31 5.156777818912568957e-31 3.222511996220240824e-31 1.713133313743439336e-31 7.357409892164828274e-32 2.408291021217283709e-32 6.501768769995531480e-33 6.526957581258947259e-34 2.897228759211850646e-35 1.662135952154883359e-30 1.297176508580809585e-30 1.026836806203006745e-30 7.870416285737678639e-31 5.603614975892416008e-31 3.548142864976348468e-31 1.917976129569431842e-31 8.406272635432758433e-32 2.812932483373241978e-32 7.218762235163055456e-33 7.898794222417115186e-34 3.542214241868533506e-35 1.759581662313896346e-30 1.388844097631686369e-30 1.109744795698625622e-30 8.588913468550740644e-31 6.185670939792505532e-31 3.970090154325602950e-31 2.180646154641827352e-31 9.731435527842287313e-32 3.315899616091972082e-32 8.242399008127073425e-33 9.571547732023934041e-34 4.329776265264659727e-35 1.795898025858210001e-30 1.422799402893531323e-30 1.140390658150509342e-30 8.852917451519505031e-31 6.397980727102940403e-31 4.123676596786263018e-31 2.276587147166891466e-31 1.022024171966210517e-31 3.504798841500091892e-32 8.686739127437263810e-33 1.025276237880365680e-33 4.678232195388586209e-35
1.559835943700727510e-31 1.055233626551414635e-31 7.621639877708979345e-32 5.467516140738920673e-32 3.706118021475775283e-32 2.277007073973984823e-32 1.192623429805950349e-32 4.928806323441168752e-33 1.435712676498160149e-33 -1.283819846548587045e-33 3.063322452342952183e-31 -1.508640313139796550e-34 1.841046985548823453e-31 1.303276265416647276e-31 9.794534454810915800e-32 7.319283751603210861e-32 5.196205599145506536e-32 3.344305532297009353e-32 1.854095888915485532e-32 8.321717995010516181e-33 2.820264194397502647e-33 6.504695720643272330e-34 1.541558270564417306e-34 3.787377737830437049e-36 1.923809947332444291e-31 1.378028405864352883e-31 1.045813372739202661e-31 7.896003987154858341e-32 5.672211291016363282e-32 3.702056991995617271e-32 2.087953281688398250e-32 9.567214843161427598e-33 3.317668600101572639e-33 7.822426326850274887e-34 1.459446812227871655e-34 4.688414310251521393e-36 2.022936720997706618e-31 1.470532948174397177e-31 1.129744753375123975e-31 8.632374095283147617e-32 6.282362749765414757e-32 4.159329669983396176e-32 2.384322108354884899e-32 1.112501052343491665e-32 3.930856733969877199e-33 9.430557102709212453e-34 1.472165494134961336e-34 5.786328760929016511e-36 2.060831619206002931e-31 1.505628988678353710e-31 1.161484986714284268e-31 8.907456221247194363e-32 6.507992909534505950e-32 4.327617926492127904e-32 2.493632345877011002e-32 1.170563666216448629e-32 4.164498895561210488e-33 1.006598732621903346e-33 1.523710369263828897e-34 6.289437709639083250e-36
8.064438656787387310e-33 4.888805692825241036e-33 3.234292735155191684e-33 2.204193415316688398e-33 1.469455458860891204e-33 9.358571311737508812e-34 5.685409396284226632e-34 3.510729425404075437e-34 2.179346955722626986e-34 6.614362982666862632e-35 -1.508640313139796550e-34 2.064844435210669115e-32 9.152180463888750866e-33 5.805288598384084507e-33 4.033530572123725211e-33 2.852308730580173286e-33 1.968842020475190155e-33 1.271317820770452016e-33 7.235556723037198976e-34 3.383579058343714716e-34 1.200604718215882347e-34 2.881826493639245397e-35 3.781328487641368974e-36 2.556321775387720356e-36 9.480487981794990532e-33 6.092416063262627564e-33 4.284093066057174114e-33 3.068896486638165631e-33 2.148994644350851248e-33 1.409770740560479097e-33 8.172259046604058394e-34 3.903886688664180232e-34 1.416976742935326771e-34 3.471792731561403776e-35 4.642768719244103942e-36 1.472168076923488339e-36 9.856945740988931845e-33 6.434919154951099431e-33 4.591762445477355567e-33 3.338534559648632930e-33 2.375053186570982931e-33 1.583511914424456294e-33 9.340156252218215983e-34 4.545597558657983223e-34 1.680737397105690663e-34 4.186080125018257674e-35 5.684363559226717655e-36 6.214367255040844447e-37 1.000542919447019975e-32 6.568783689511001422e-33 4.711516870806756625e-33 3.441678037999277789e-33 2.460100641797616419e-33 1.648311019471635100e-33 9.775709136436507337e-34 4.787334386542587281e-34 1.782502498618309388e-34 4.473834244996918967e-35 6.130456650190206649e-36 4.724856420893037110e-37
2.262809616536776685e-26 1.180016688586770043e-26 5.759379317913426260e-27 2.573609581271297892e-27 1.041586992076918032e-27 3.799735991129511409e-28 1.246651255924062596e-28 3.575427687736288100e-29 8.591181800118635833e-30 1.583975256316925273e-30 1.841046985548823453e-31 9.152180463888750866e-33 4.050861549288395359e-26 1.249113905030414852e-26 6.236195941822864377e-27 2.839479677283025400e-27 1.175358628901910093e-27 4.404996598904693107e-28 1.490271721605516383e-28 4.413237563510429089e-29 1.091093769204984759e-29 2.041780331905939421e-30 2.355588637775447039e-31 1.132125425645704968e-32 2.718640575919083473e-26 1.278256249961695457e-26 6.359293564980285896e-27 2.905961100476583177e-27 1.209454320218434144e-27 4.564895235119390155e-28 1.557763269612659459e-28 4.660501543639251150e-29 1.165288837407140562e-29 2.206637384586416998e-30 2.568798029293581719e-31 1.236259601242421660e-32 2.822817354674348232e-26 1.305273058604148117e-26 6.524847578501036460e-27 2.998192461379807999e-27 1.256431158697982114e-27 4.780991027919739542e-28 1.646623325779253117e-28 4.973803846599842200e-29 1.254928800334782964e-29 2.394004132683501041e-30 2.802094447628289622e-31 1.350307615332170900e-32 2.859729039044095391e-26 1.315125208612525332e-26 6.584994051431213961e-27 3.031507042422835372e-27 1.273303418757534550e-27 4.858143575820745387e-28 1.678384762100770280e-28 5.085984247059623037e-29 1.287288972354289595e-29 2.464584584011852906e-30 2.899723882029576369e-31 1.406211373491368695e-32
1.180001296675124820e-26 7.325847598483884159e-27 3.789165681786552692e-27 1.814543298327204596e-27 7.805709810315452120e-28 2.983435286456710010e-28 1.011644498642363172e-28 2.943419223479121321e-29 6.987176734873454287e-30 1.225381486670341788e-30 1.303276265416647276e-31 5.805288598384084507e-33 1.249113905030414852e-26 1.424010924271248366e-26 4.126596230694996013e-27 2.032152480304659498e-27 8.960860844063768845e-28 3.522777974176240013e-28 1.233144763743246319e-28 3.711954069986401594e-29 9.105700591090849488e-30 1.637002551132740857e-30 1.752135739074460586e-31 7.629904716318353507e-33 1.278216515476661837e-26 8.876578984080997605e-27 4.251889806006557148e-27 2.088215694562458290e-27 9.257399383709637130e-28 3.666833146219998055e-28 1.295206075941362526e-28 3.940481909345985238e-29 9.784640393006124708e-30 1.783090557488268198e-30 1.933322386697077740e-31 8.464357084271390070e-33 1.305202938171104264e-26 9.237427544819011262e-27 4.381021318913321845e-27 2.164788163123374802e-27 9.667272439548857157e-28 3.862119790779475811e-28 1.377538522776524222e-28 4.234985007916594261e-29 1.062727647403603240e-29 1.955807515446678585e-30 2.139154593966199808e-31 9.409825527935445804e-33 1.315045224881643696e-26 9.364754786396921748e-27 4.427523983544808417e-27 2.192282378892974796e-27 9.813726095647014613e-28 3.931603455591339483e-28 1.406901317085504310e-28 4.340193198082557997e-29 1.093100044702308492e-29 2.020162506476025408e-30 2.222939391878084026e-31 9.852672351313704322e-33
5.759233658949022235e-27 3.789125865300476410e-27 2.263172046581477494e-27 1.150822576973115861e-27 5.290773250618357802e-28 2.141374598983058928e-28 7.612706004077734094e-29 2.294394270718764416e-29 5.543100498442885155e-30 9.628431525909429269e-31 9.794534454810915800e-32 4.033530572123725211e-33 6.236195941822864377e-27 4.126596230694996013e-27 4.980195872480527896e-27 1.303757320052072647e-27 6.208933026519328265e-28 2.590264321990856362e-28 9.516154159394709003e-29 2.968910798693183303e-29 7.421619710007692366e-30 1.327486100714512713e-30 1.372564654580443601e-31 5.593330366369116601e-33 6.359117980790534874e-27 4.251782227894738442e-27 2.809754024724070456e-27 1.356036248709256778e-27 6.448015329214767429e-28 2.711582884329865225e-28 1.005747953536668262e-28 3.172258357183375895e-29 8.028200288752594934e-30 1.456538089978345919e-30 1.528330345963084480e-31 6.286513537306307051e-33 6.524712370528869922e-27 4.380950674415545340e-27 2.942497681343523803e-27 1.413930839068589926e-27 6.777414319493112533e-28 2.876280321996524571e-28 1.077739114043603570e-28 3.436379343713957428e-29 8.793635350399437349e-30 1.612932496612186055e-30 1.710604042951510023e-31 7.090033586476829376e-33 6.584554989730860506e-27 4.427374899125895498e-27 2.989332445470910986e-27 1.434606406036643720e-27 6.894675973696747018e-28 2.934797372462819016e-28 1.103368336849789616e-28 3.530705487664912737e-29 9.069662085408550398e-30 1.670860390830190670e-30 1.783136888038657681e-31 7.453622481630638481e-33
2.573534595885397954e-27 1.814536203453591744e-27 1.150831373685149543e-27 6.703825267326355790e-28 3.270625546865883724e-28 1.410793488946812517e-28 5.285779377036619247e-29 1.665598407229911111e-29 4.158648119521953494e-30 7.318478011631906800e-31 7.319283751603210861e-32 2.852308730580173286e-33 2.839479677283025400e-27 2.032152480304659498e-27 1.303757320052072647e-27 1.704617676093202382e-27 3.912461451741975883e-28 1.759837802936964633e-28 6.827814607087318669e-29 2.229025828151425864e-29 5.760838751772480680e-30 1.045889692545976341e-30 1.070864085957435537e-31 4.177513810543886164e-33 2.906105425507204130e-27 2.088269826796615180e-27 1.356008817331094208e-27 8.671687225971414468e-28 4.120375599576851116e-28 1.855497908499765770e-28 7.276547011371768634e-29 2.402817998753228946e-29 6.286713616161962869e-30 1.158051559895155576e-30 1.204292932752930713e-31 4.760289317762310774e-33 2.998506358563851752e-27 2.164978103107317182e-27 1.413959279912653100e-27 9.174783634760831883e-28 4.364782720353096125e-28 1.985533907272089391e-28 7.871809798477000228e-29 2.628921217415105752e-29 6.956498580702201682e-30 1.296152240458572778e-30 1.364069478890501324e-31 5.447208486828480245e-33 3.031689131959706434e-27 2.192411548807341146e-27 1.434625769417712817e-27 9.353508890109474436e-28 4.451600652094087824e-28 2.031711342176451109e-28 8.083673305773961871e-29 2.709731066765561095e-29 7.198678974083578653e-30 1.347154823303188247e-30 1.426605007886025871e-31 5.747396299307026909e-33
1.041594060915169517e-27 7.806070255104111005e-28 5.291155892015772730e-28 3.270849914771599255e-28 1.826286069650747253e-28 8.318725895224850752e-29 3.300149992420728121e-29 1.091281803454896200e-29 2.842758839106131697e-30 5.156777818912568957e-31 5.196205599145506536e-32 1.968842020475190155e-33 1.175358628901910093e-27 8.960860844063768845e-28 6.208933026519328265e-28 3.912461451741975883e-28 5.757938759733567198e-28 1.068306828501405430e-28 4.443918911215105566e-29 1.525687260341563757e-29 4.116070049430132606e-30 7.703040481633858167e-31 7.978241136786114408e-32 3.066649481182525174e-33 1.209596572487259718e-27 9.258563336232611577e-28 6.448469080365012701e-28 4.120370327167844454e-28 2.527399674935605856e-28 1.145625345271802638e-28 4.787281121467242834e-29 1.664814535757012055e-29 4.546640461310689750e-30 8.634810682042760016e-31 9.086624052233260129e-32 3.536070264522242222e-33 1.256662225339349754e-27 9.669401943115045117e-28 6.778487543171377642e-28 4.364975444739432918e-28 2.716108219178601106e-28 1.238897999920686195e-28 5.240561216376705850e-29 1.844811719611899949e-29 5.097144570970666124e-30 9.791784316687560710e-31 1.043237791692964933e-31 4.109921434545804073e-33 1.273534370865139427e-27 9.816095837973334813e-28 6.896022760720331277e-28 4.451861323412953124e-28 2.783157565238113986e-28 1.272040968018328265e-28 5.402075836396578587e-29 1.909307511946006003e-29 5.296593962434498830e-30 1.021917609202865795e-30 1.095385208233561984e-31 4.353095772518644059e-33
3.800614188579850441e-28 2.984221569775569030e-28 2.142008618030823826e-28 1.411204690682162339e-28 8.320560066611488768e-29 4.334768780842357072e-29 1.796266080352230418e-29 6.246622330748755026e-30 1.702818889190518081e-30 3.222511996220240824e-31 3.344305532297009353e-32 1.271317820770452016e-33 4.404996598904693107e-28 3.522777974176240013e-28 2.590264321990856362e-28 1.759837802936964633e-28 1.068306828501405430e-28 1.984619225877100222e-28 2.515983407248674152e-29 9.210244469607975313e-30 2.606094438364791120e-30 5.080257610216047518e-31 5.423877970365157895e-32 2.128632200551358256e-33 4.565547902503918588e-28 3.667272629784686098e-28 2.711777631578319333e-28 1.855526082117223692e-28 1.145569433063928878e-28 6.647317199120037211e-29 2.771853969984418865e-29 1.021622102449053939e-29 2.926687324011629346e-30 5.790978934936891248e-31 6.279222220523925861e-32 2.467517267592609501e-33 4.782576634020450018e-28 3.863370689527254788e-28 2.876941208549901321e-28 1.985715903537389414e-28 1.238869148683081929e-28 7.301936677452341224e-29 3.076738089814349578e-29 1.149850571004774571e-29 3.335099143266510748e-30 6.674145057569243629e-31 7.324652122295420760e-32 2.915881626959828209e-33 4.860366344690403881e-28 3.933502501511311718e-28 2.935955949809368959e-28 2.032113938551795175e-28 1.272051081313082866e-28 7.536164677104450123e-29 3.185768116171937113e-29 1.196004666040575449e-29 3.483869683413369130e-30 7.001790421665891625e-31 7.728510982176762600e-32 3.102979774570969528e-33
1.247842122166059291e-28 1.012576844924354680e-28 7.619658465501538479e-29 5.290468945804129121e-29 3.302763582382390718e-29 1.797262143544593822e-29 8.539660082013557451e-30 3.047881810548428772e-30 8.666126550431226643e-31 1.713133313743439336e-31 1.854095888915485532e-32 7.235556723037198976e-34 1.490271721605516383e-28 1.233144763743246319e-28 9.516154159394709003e-29 6.827814607087318669e-29 4.443918911215105566e-29 2.515983407248674152e-29 6.655005257247986974e-29 4.702461084682664270e-30 1.412308666872933182e-30 2.880074014189749460e-31 3.194739179146553007e-32 1.321710868538922147e-33 1.557698097018692924e-28 1.295168482788300751e-28 1.005593969336274871e-28 7.274828586432694176e-29 4.785948911877715529e-29 2.771175346940303184e-29 1.499720885464783377e-29 5.390485701671614513e-30 1.623289456829975570e-30 3.353749584614545372e-31 3.783982519024473417e-32 1.530069118315575081e-33 1.646817827144329957e-28 1.377769614897874928e-28 1.077706070988805628e-28 7.870006773919449823e-29 5.238753061016816493e-29 3.075710870004288730e-29 1.693432877476049425e-29 6.174385973186512053e-30 1.886255023536014328e-30 3.942414193348015496e-31 4.499223630556482073e-32 1.842039675215202100e-33 1.678994909180612326e-28 1.407513392843871541e-28 1.103651316087116439e-28 8.083582003431561486e-29 5.400925100713995170e-29 3.184799201895308536e-29 1.763515411844030552e-29 6.458691365981983323e-30 1.982744187260410823e-30 4.162639826783092309e-31 4.776634354734154125e-32 1.972364996802479577e-33
3.585826233280445157e-29 2.951147190814944601e-29 2.300023219373444173e-29 1.669430932898075786e-29 1.093581014898628035e-29 6.257846401011644795e-30 3.051513577223351599e-30 1.263367592809620682e-30 3.589557230710090705e-31 7.357409892164828274e-32 8.321717995010516181e-33 3.383579058343714716e-34 4.413237563510429089e-29 3.711954069986401594e-29 2.968910798693183303e-29 2.229025828151425864e-29 1.525687260341563757e-29 9.210244469607975313e-30 4.702461084682664270e-30 2.090387211241421221e-29 6.044787586014635485e-31 1.322819237785230160e-31 1.524170149896623927e-32 6.973268252521736783e-34 4.655549298019996498e-29 3.937170172227577029e-29 3.169357852510075811e-29 2.400432860815822782e-29 1.663057686042862134e-29 1.020566001176800465e-29 5.386352574085616512e-30 2.627258114509619522e-30 7.360859629661519475e-31 1.584571293673223094e-31 1.861655233195306267e-32 7.836852543881411762e-34 4.966875686404990614e-29 4.230871272823388401e-29 3.432605509604984685e-29 2.625377631324502516e-29 1.841996039300904398e-29 1.148067079845529504e-29 6.167165894015671177e-30 3.061180380786623800e-30 8.734850271285985125e-31 1.905531263442039473e-31 2.263422919514532949e-32 9.640712065164613116e-34 5.080487800347387100e-29 4.337802055340522475e-29 3.528434123129425713e-29 2.706958232480352463e-29 1.906715994560938903e-29 1.194203002846498623e-29 6.450740746211274889e-30 3.221024400359210388e-30 9.244824830410140584e-31 2.027130825965952999e-31 2.421008087854297052e-32 1.039549943332665860e-33
8.651556239765138388e-30 7.031024221887999365e-30 5.574675480916779623e-30 4.180261836015900772e-30 2.856176176473809779e-30 1.710002397382393813e-30 8.696258227412364298e-31 3.597413365152130678e-31 1.231416189195519478e-31 2.408291021217283709e-32 2.820264194397502647e-33 1.200604718215882347e-34 1.091093769204984759e-29 9.105700591090849488e-30 7.421619710007692366e-30 5.760838751772480680e-30 4.116070049430132606e-30 2.606094438364791120e-30 1.412308666872933182e-30 6.044787586014635485e-31 5.793994942299243192e-30 4.134128132793488576e-32 5.462668759538385633e-33 2.925849173309028832e-34 1.160312272460934052e-29 9.750834922406985919e-30 8.002182808654521878e-30 6.267142003272700459e-30 4.532711048854141603e-30 2.917966333401960292e-30 1.618894425897304925e-30 7.346891824368287626e-31 3.141153983475521663e-31 5.662304018206371860e-32 6.881510349770068813e-33 3.018607998474404500e-34 1.246452161606005932e-29 1.057213920323650022e-29 8.751368450368155838e-30 6.923296992606854451e-30 5.072886004948661707e-30 3.319456110651852544e-30 1.878118113949468177e-30 8.708213249733335922e-31 3.768568183454076522e-31 6.964208043640057883e-32 8.563826252536622306e-33 3.798607386108817941e-34 1.278473933069639250e-29 1.087621223939138975e-29 9.028683940222547832e-30 7.165068831744993888e-30 5.270795546749684149e-30 3.466531256972098159e-30 1.973413459915576636e-30 9.212908043049651352e-31 4.006332565705343553e-31 7.465800142506132921e-32 9.236435374397195137e-33 4.129562738887348327e-34
1.605368158173491365e-30 1.240753466447739633e-30 9.738553849615390853e-31 7.394062996430271626e-31 5.204499426089808281e-31 3.249076738743509068e-31 1.725343803828099565e-31 7.398609171091940580e-32 2.416121244430882584e-32 6.501768769995531480e-33 6.504695720643272330e-34 2.881826493639245397e-35 2.041780331905939421e-30 1.637002551132740857e-30 1.327486100714512713e-30 1.045889692545976341e-30 7.703040481633858167e-31 5.080257610216047518e-31 2.880074014189749460e-31 1.322819237785230160e-31 4.134128132793488576e-32 1.202472244901818757e-30 6.260087448001477192e-34 7.543335261574134769e-35 2.181397788952145439e-30 1.766029583361029156e-30 1.443935919631868580e-30 1.148828922457443792e-30 8.570121995298173301e-31 5.749612114817409714e-31 3.331187214439924784e-31 1.575285112972060666e-31 5.640185403874256893e-32 2.185487299357088216e-32 1.684681271526706508e-33 7.625151575781376950e-35 2.346902769724743965e-30 1.924548238726823006e-30 1.590094355246761666e-30 1.279139050684688827e-30 9.670636189821497589e-31 6.595180177556953714e-31 3.898341785288080691e-31 1.886915638844048581e-31 6.918438884006316295e-32 2.654623645162304316e-32 2.138314740959383484e-33 9.786014856989838426e-35 2.410136399475224651e-30 1.984733130243145305e-30 1.645459412431953801e-30 1.327995933864078652e-30 1.007975438632432750e-30 6.908709719183569791e-31 4.109323904775808833e-31 2.003925826198881155e-31 7.406314075401693894e-32 2.840129503469044461e-32 2.324275709425538526e-33 1.072530325957626064e-34
1.877910857058052585e-31 1.329641804887849254e-31 9.982709343824320018e-32 7.448632541462506316e-32 5.278501368833799051e-32 3.391040376318271646e-32 1.876428472986554679e-32 8.403651335009841833e-33 2.839912949138998479e-33 6.526957581258947259e-34 1.541558270564417306e-34 3.781328487641368974e-36 2.355588637775447039e-31 1.752135739074460586e-31 1.372564654580443601e-31 1.070864085957435537e-31 7.978241136786114408e-32 5.423877970365157895e-32 3.194739179146553007e-32 1.524170149896623927e-32 5.462668759538385633e-33 6.260087448001477192e-34 1.469929082126389447e-31 -5.605338116143299826e-35 2.511645481312347556e-31 1.894530955644446684e-31 1.500214780095648371e-31 1.184010802538895610e-31 8.945547016111565250e-32 6.188564547379103299e-32 3.732889277609076564e-32 1.838602264874952545e-32 6.809645264058684397e-33 1.673606736189211088e-33 8.406742716995765707e-34 9.913205306494623204e-36 2.687399653604959576e-31 2.062296459796131123e-31 1.655364467293643536e-31 1.323788879942420261e-31 1.014950057711056525e-31 7.140009164355300227e-32 4.392925584365302018e-32 2.214058528879469173e-32 8.405006318627383708e-33 2.113317989105611868e-33 9.931183104896753208e-34 1.287795991541365777e-35 2.756858591763703435e-31 2.128024971386803699e-31 1.715907208756629820e-31 1.377403692455065994e-31 1.060436695003602465e-31 7.497101135462060489e-32 4.640897209232036988e-32 2.356441748709277805e-32 9.021512012130443716e-33 2.288037259250544236e-33 1.056003128455087549e-33 1.426192559326466736e-35
9.362031408120050218e-33 5.954314629025518439e-33 4.139896915738019820e-33 2.924740701256871919e-33 2.014834593444253770e-33 1.297319524842306546e-33 7.360568694054650477e-34 3.430300373621230827e-34 1.212349856701874212e-34 2.897228759211850646e-35 3.787377737830437049e-36 2.556321775387720356e-36 1.132125425645704968e-32 7.629904716318353507e-33 5.593330366369116601e-33 4.177513810543886164e-33 3.066649481182525174e-33 2.128632200551358256e-33 1.321710868538922147e-33 6.973268252521736783e-34 2.925849173309028832e-34 7.543335261574134769e-35 -5.605338116143299826e-35 9.884536562965716340e-33 1.197034531829631594e-32 8.192792677130638749e-33 6.093260277137713800e-33 4.619908688277902171e-33 3.437255362338602136e-33 2.402483324399825326e-33 1.492230403218219662e-33 7.657913541830316343e-34 2.958924986677785594e-34 7.515002527686276496e-35 9.835128306133389796e-36 2.394750921555381095e-35 1.265629386814931595e-32 8.837614566783102105e-33 6.686830879939032287e-33 5.154806858163873797e-33 3.902869528230679008e-33 2.778641810110829398e-33 1.761730075449426867e-33 9.250401412327066848e-34 3.660318236133154697e-34 9.502043216868723379e-35 1.269260952553878293e-35 2.705742494852080073e-35 1.293714811796248979e-32 9.098786142869497938e-33 6.925846390145955901e-33 5.365215518546901585e-33 4.082155888669819330e-33 2.921732818002810820e-33 1.863928041899675800e-33 9.858869228308656969e-34 3.933659827327130961e-34 1.030266281831994156e-34 1.388156049857536892e-35 2.840868109661770205e-35
2.277010669945035325e-26 1.197352019810848139e-26 5.862025864142348263e-27 2.629296393223367768e-27 1.068960822449170097e-27 3.920422062622061502e-28 1.293780103461026295e-28 3.732029934428941008e-29 9.007208119911601459e-30 1.662135952154883359e-30 1.923809947332444291e-31 9.480487981794990532e-33 2.718640575919083473e-26 1.278216515476661837e-26 6.359117980790534874e-27 2.906105425507204130e-27 1.209596572487259718e-27 4.565547902503918588e-28 1.557698097018692924e-28 4.655549298019996498e-29 1.160312272460934052e-29 2.181397788952145439e-30 2.511645481312347556e-31 1.197034531829631594e-32 3.969151295326560543e-26 1.289881594283201503e-26 6.478500863556531521e-27 2.975585992989484907e-27 1.245970328500431276e-27 4.738299683728209580e-28 1.632221103694739892e-28 4.936209777972849531e-29 1.247701719626192005e-29 2.378557331670949690e-30 2.768715508813783777e-31 1.322966966944321233e-32 3.236730784677280314e-26 1.323670813933391036e-26 6.652371611772670310e-27 3.071967886983967447e-27 1.295619654646210905e-27 4.971052476764897949e-28 1.730239676448864549e-28 5.292543360000578175e-29 1.352954747369502439e-29 2.605166122716628456e-30 3.054337996632732450e-31 1.461830042743191107e-32 3.331064842419081888e-26 1.333465361940657514e-26 6.714577804309141976e-27 3.106871125418558145e-27 1.313515408893990374e-27 5.054236065317599230e-28 1.765378647811061333e-28 5.420879342604658326e-29 1.391389533429859076e-29 2.691659529281640176e-30 3.174362329214444035e-31 1.528658090872586123e-32
1.197341422637856684e-26 7.416871076366229534e-27 3.868688348152321346e-27 1.860076743802325033e-27 8.040477579348783900e-28 3.090368563234274165e-28 1.054364669629933893e-28 3.087329082407027027e-29 7.371226464401412283e-30 1.297176508580809585e-30 1.378028405864352883e-31 6.092416063262627564e-33 1.278256249961695457e-26 8.876578984080997605e-27 4.251782227894738442e-27 2.088269826796615180e-27 9.258563336232611577e-28 3.667272629784686098e-28 1.295168482788300751e-28 3.937170172227577029e-29 9.750834922406985919e-30 1.766029583361029156e-30 1.894530955644446684e-31 8.192792677130638749e-33 1.289881594283201503e-26 1.366115553193738520e-26 4.323031815569980994e-27 2.145787701193613691e-27 9.577393863907523633e-28 3.823495026504470582e-28 1.363953421838652575e-28 4.198261251063168639e-29 1.055478222900428638e-29 1.942691721592027688e-30 2.115223324133303936e-31 9.225018507997247255e-33 1.323636567023577281e-26 1.050865280601885049e-26 4.477577894503702654e-27 2.226607084906007039e-27 1.001213664941472727e-27 4.034860312170455199e-28 1.455217703328602365e-28 4.534762940399305613e-29 1.154963150451852580e-29 2.153159677319549066e-30 2.370563307260941018e-31 1.040175483054033485e-32 1.333426654856368722e-26 1.080380737143240938e-26 4.525207218140470156e-27 2.255526536210062545e-27 1.016824235972047338e-27 4.110134608164028379e-28 1.487880881072869831e-28 4.655702353963042961e-29 1.191316162401736351e-29 2.232778808591172161e-30 2.475380753274017554e-31 1.094166734479172968e-32
