# Created by Tilman Tröster (tilman@troester.space) on 2021-07-29 14:34:53 using add_up_covariance_terms.py
# Covariance total_SSC_mask (gaussian_nka+hmx_cNG_1h+hmx_SSC_mask_wl+m) of Cl_TE (tomographic bins (0, 0), (1, 0), (2, 0), (3, 0), (4, 0))
5.243235240112756076e-26 1.085853166631884046e-26 5.327287160291500235e-27 2.347946519419113325e-27 9.331494970992764976e-28 3.331863254477927166e-28 1.068841327114294625e-28 3.001511028069255432e-29 7.123895068808478329e-30 1.313290678143490366e-30 1.559782512218725223e-31 8.065319212790047895e-33 2.266216213374666065e-26 1.179975292854966783e-26 5.759222628167708963e-27 2.573534519495504395e-27 1.041594582573051190e-27 3.800614110617599650e-28 1.247841759157371333e-28 3.585822668481868146e-29 8.651565420944233627e-30 1.605366730161950400e-30 1.877909085035880260e-31 9.362151952214194200e-33 2.279810828004969685e-26 1.197320792767821959e-26 5.861828141768394835e-27 2.629120241666493568e-27 1.068891249691623043e-27 3.921026494204369708e-28 1.295158814641667508e-28 3.746590810804276008e-29 9.104109202263088438e-30 1.700893364758266866e-30 1.998774427658345229e-31 9.949955676939038988e-33 2.307915489317727338e-26 1.221842705247030050e-26 6.006168757450246164e-27 2.706800174117117375e-27 1.106712754229841167e-27 4.085691173083935332e-28 1.358550601167977688e-28 3.954777793250441311e-29 9.660177715121435340e-30 1.811148009933420629e-30 2.131710339449798282e-31 1.059097963941880000e-32 2.320360019805219788e-26 1.230794191137843111e-26 6.058522290784747249e-27 2.734789773917234515e-27 1.120267114183999491e-27 4.144483830587873298e-28 1.381135244881648985e-28 4.028933678749966029e-29 9.859733630563311935e-30 1.852310123166174555e-30 2.187074796289413398e-31 1.091403738911282326e-32
1.085853166631884046e-26 1.800600932328459828e-26 3.400095313634412781e-27 1.630566791206771920e-27 6.885142106983367017e-28 2.572247531698794128e-28 8.518112135082940719e-29 2.421878704756635611e-29 5.646601823594001404e-30 9.811262438985383790e-31 1.055252884925238452e-31 4.887610403933206442e-33 1.179991032815310599e-26 7.316607930585240819e-27 3.789155940474124159e-27 1.814537637444566095e-27 7.806068254928958878e-28 2.984221443064200201e-28 1.012577164115651949e-28 2.951147437460277011e-29 7.031022166283856515e-30 1.240753265520596457e-30 1.329643101036984372e-31 5.954252913383133169e-33 1.197330707986963684e-26 7.409370540094167867e-27 3.868642633374229573e-27 1.860011035142312696e-27 8.040306739830418791e-28 3.090987271421502326e-28 1.055437168420927474e-28 3.097980064345366034e-29 7.440505021811870591e-30 1.324584376888012561e-30 1.430785229119089787e-31 6.421979965319769319e-33 1.221845390751177774e-26 7.561753956855116854e-27 3.979951211002156475e-27 1.923406504862687414e-27 8.364656342174809139e-28 3.237229265663555484e-28 1.113184612906603799e-28 3.290579930161378733e-29 7.955910261068262101e-30 1.424812693793233263e-30 1.546205722155853059e-31 6.944466641482357589e-33 1.230790252069324191e-26 7.622915920856387895e-27 4.020009299412765302e-27 1.946113256930328130e-27 8.480321765576001853e-28 3.289234220607818282e-28 1.133696870185749127e-28 3.359018691356152051e-29 8.140294145754831540e-30 1.461781236531428801e-30 1.592886096654121710e-31 7.196301543407083313e-33
5.327287160291500235e-27 3.400095313634412781e-27 6.930197858577447015e-27 9.952829509702655917e-28 4.573442291150282739e-28 1.806718910171963938e-28 6.264033085260628432e-29 1.844022983004811862e-29 4.366641254284953827e-30 7.471650511875466563e-31 7.621645354264868135e-32 3.234483243007159941e-33 5.759368186884730755e-27 3.789195329511927338e-27 2.264603942563894440e-27 1.150830419516259375e-27 5.291156978444324077e-28 2.142009023126941000e-28 7.619655464977360730e-29 2.300022793033758700e-29 5.574675254169787034e-30 9.738552726821944985e-31 9.982700343545525105e-32 4.139925469412916970e-33 5.862016342094649248e-27 3.868713403391210351e-27 2.309789583499555493e-27 1.184605666747823304e-27 5.475242504003792422e-28 2.229873873474139109e-28 7.984696605212070600e-29 2.427865108249849485e-29 5.933753934585457209e-30 1.046625640666275666e-30 1.083633487299010803e-31 4.519415269650214082e-33 6.006368558437650190e-27 3.980054374748826232e-27 2.379334264081994655e-27 1.231533592610908400e-27 5.729669212579160061e-28 2.350187073565549751e-28 8.477431429453162021e-29 2.596643816485077518e-29 6.392369807463787702e-30 1.135698360426254254e-30 1.183882188767675755e-31 4.954336440685321390e-33 6.058625679064570289e-27 4.020089714626688744e-27 2.406191463737061937e-27 1.248252638951296818e-27 5.820046009450900364e-28 2.392843283784169174e-28 8.652079324198026806e-29 2.656539219923298561e-29 6.556180574870394354e-30 1.168321606073433271e-30 1.223537743896160870e-31 5.155740652152800410e-33
2.347946519419113325e-27 1.630566791206771920e-27 9.952829509702655917e-28 2.331462836624025171e-27 2.701203313580181869e-28 1.158823450125644831e-28 4.221322734806281336e-29 1.298648618002654143e-29 3.177409877228950601e-30 5.484321985010662188e-31 5.467206762163327859e-32 2.202572088009726922e-33 2.573608859855287764e-27 1.814545081722453048e-27 1.150821598420866341e-27 6.697781604669821764e-28 3.270874458383192380e-28 1.411204537288116107e-28 5.290470274363636269e-29 1.669431086020622291e-29 4.180260846030694124e-30 7.394064938408860321e-31 7.448632700399872424e-32 2.924712389154158461e-33 2.629295754194415097e-27 1.860078332059521493e-27 1.184607104448908114e-27 6.902485771900240933e-28 3.403694848669165569e-28 1.478426519730068738e-28 5.582444295870758142e-29 1.774989380657917300e-29 4.482447306701425748e-30 8.008681018090152218e-31 8.159844157078091426e-32 3.232599950113046123e-33 2.707044058654519397e-27 1.923542315998063086e-27 1.231569467943692737e-27 7.201052110253827721e-28 3.586673100765369691e-28 1.570283116032195986e-28 5.976215891930707245e-29 1.914689284194327344e-29 4.871609641576076927e-30 8.772758217711535211e-31 9.013680427691649614e-32 3.592739784442590344e-33 2.735001387329194889e-27 1.946252387386575504e-27 1.248301867830089637e-27 7.311955603360389874e-28 3.651475528135383729e-28 1.602786329683260860e-28 6.115616658164205454e-29 1.964247290678745772e-29 5.010578909987191143e-30 9.051994304566847166e-31 9.345929708463131736e-32 3.753655646076386429e-33
9.331494970992764976e-28 6.885142106983367017e-28 4.573442291150282739e-28 2.701203313580181869e-28 7.740010463407930972e-28 6.457695694030051454e-29 2.539984591273405387e-29 8.174505365217436389e-30 2.089848729770829182e-30 3.707887760778937205e-31 3.705594458127714831e-32 1.463267729134789322e-33 1.041587626652820407e-27 7.805707793883778664e-28 5.290773450802444937e-28 3.270649818650725499e-28 1.821792386727495975e-28 8.320651818100867689e-29 3.302766343983238660e-29 1.093582271218921396e-29 2.856174607543144875e-30 5.204506048281578709e-31 5.278497371350482186e-32 2.014812879573653217e-33 1.068961308006233577e-27 8.040475419170106859e-28 5.475048640865589988e-28 3.403484045113670493e-28 1.902187087106827923e-28 8.784188926807160414e-29 3.515769825966671769e-29 1.173856972253085186e-29 3.092765537761023480e-30 5.693651930186620271e-31 5.845016533256698208e-32 2.256618006686785884e-33 1.106848890100237464e-27 8.365436304213644776e-28 5.729830951726336975e-28 3.586573196893948981e-28 2.015854377535900898e-28 9.414993304832753898e-29 3.802195685839521670e-29 1.279969510924834816e-29 3.398337454305059121e-30 6.307563875709861163e-31 6.535810214001184131e-32 2.544476458893472874e-33 1.120417571921195335e-27 8.481365759789042501e-28 5.820456228096819997e-28 3.651471387349279591e-28 2.057180553722120169e-28 9.638056219964569245e-29 3.903604030493646483e-29 1.317651454272714239e-29 3.507616986734478551e-30 6.531507119523537307e-31 6.801842443634170275e-32 2.669205815576988989e-33
3.331863254477927166e-28 2.572247531698794128e-28 1.806718910171963938e-28 1.158823450125644831e-28 6.457695694030051454e-29 2.796130269837997571e-28 1.282858347344657450e-29 4.446374151144777772e-30 1.193208870311226195e-30 2.203864073354280825e-31 2.275428364138918658e-32 9.258023811237705377e-34 3.799735026203606538e-28 2.983435173719076912e-28 2.141374562522474640e-28 1.410793336729013750e-28 8.318819089549353053e-29 4.319354711989152379e-29 1.797286070402187022e-29 6.257864564308299247e-30 1.710001227904291638e-30 3.249087785642572613e-31 3.391015640838664780e-32 1.297329481904861793e-33 3.920421377740749509e-28 3.090368595231134971e-28 2.229259182111062901e-28 1.477970762392313959e-28 8.781881079698732123e-29 4.583419187696706211e-29 1.933320386540046036e-29 6.798531211536309645e-30 1.875425464754746552e-30 3.600533524622679618e-31 3.804511957129918898e-32 1.474192807770053013e-33 4.085594026863741635e-28 3.237053455646124392e-28 2.349826729525504422e-28 1.569911529430035444e-28 9.412828958809280869e-29 4.949073234261752548e-29 2.115202707621550631e-29 7.509799169265038175e-30 2.088612613673340092e-30 4.042838053759057001e-31 4.313066787515976223e-32 1.687207803465944742e-33 4.144682818011819669e-28 3.289370483495883576e-28 2.392741941463717528e-28 1.602541242390155062e-28 9.636244542510377623e-29 5.081282319811209432e-29 2.179727373182840027e-29 7.763124152724896329e-30 2.165141836706147377e-30 4.204559249679883947e-31 4.508000072131428492e-32 1.777683674968226043e-33
1.068841327114294625e-28 8.518112135082940719e-29 6.264033085260628432e-29 4.221322734806281336e-29 2.539984591273405387e-29 1.282858347344657450e-29 1.002488010588942233e-28 1.935165255254049811e-30 5.690196675783814777e-31 1.107840023432038690e-31 1.192268704053501383e-32 5.527872939105469139e-34 1.246651240663003292e-28 1.011644645775502929e-28 7.612704855705105870e-29 5.285780334407073011e-29 3.300152349785194846e-29 1.796290459420170077e-29 8.497546072825943225e-30 3.051564819100806550e-30 8.696279039386544956e-31 1.725350512371917542e-31 1.876414705241175791e-32 7.360503712363043588e-34 1.293780015868813676e-28 1.054364697146707191e-28 7.976100135131372066e-29 5.576283925685269816e-29 3.512118826049905437e-29 1.931840264132272758e-29 9.197501049672772043e-30 3.361731799157532790e-30 9.689821451926858187e-31 1.943555629117265731e-31 2.140114001496065400e-32 8.507129248340837545e-34 1.357325159426107975e-28 1.112270618926224479e-28 8.469626175262838199e-29 5.970088643568816037e-29 3.798321048631855923e-29 2.113540599515409081e-29 1.014657653403171454e-29 3.766493527720417345e-30 1.096234088023046853e-30 2.217373330194701420e-31 2.465160519395732699e-32 9.895992368799878222e-34 1.380118275276039379e-28 1.132986407795871503e-28 8.645949996109333326e-29 6.110375095009711548e-29 3.900057141392825125e-29 2.178116797239990299e-29 1.049108726361613712e-29 3.911509405787543067e-30 1.142212641161374321e-30 2.318199003947450074e-31 2.590097678664221927e-32 1.048182132516572558e-33
3.001511028069255432e-29 2.421878704756635611e-29 1.844022983004811862e-29 1.298648618002654143e-29 8.174505365217436389e-30 4.446374151144777772e-30 1.935165255254049811e-30 3.496299821710847225e-29 1.840487667070643384e-31 4.402841290869483281e-32 4.946290471856269326e-33 3.330253045404353727e-34 3.575423375180754918e-29 2.943420128025473715e-29 2.294393631054288610e-29 1.665598747384044189e-29 1.091283271675115234e-29 6.246640261490182591e-30 3.047934432323757487e-30 1.255973396080469837e-30 3.597491723292128239e-31 7.398634990827217316e-32 8.403653861889977762e-33 3.430103935063274906e-34 3.732026404634572065e-29 3.087329818338237123e-29 2.419870885064577451e-29 1.769349003372158747e-29 1.170314399947555274e-29 6.780286305196728170e-30 3.355465441656282612e-30 1.390230721833234805e-30 4.080577702691019381e-31 8.499662021861006395e-32 9.776336453249392931e-33 4.043550309848109943e-34 3.939012510379155685e-29 3.279363987058413257e-29 2.588097334768359123e-29 1.908403574460710243e-29 1.275868345662534191e-29 7.487806172507337462e-30 3.758617656040456730e-30 1.568480720872849229e-30 4.693172618429440709e-31 9.871429509940449809e-32 1.146373320849116588e-32 4.788463254994079788e-34 4.013788469518936990e-29 3.348547167131876953e-29 2.648642709757800686e-29 1.958274711469151367e-29 1.313625472355308820e-29 7.740881272087888146e-30 3.903285376762197714e-30 1.634267137458228215e-30 4.916809484269383924e-31 1.038278573676630340e-31 1.211946386958236027e-32 5.103440562480315323e-34
7.123895068808478329e-30 5.646601823594001404e-30 4.366641254284953827e-30 3.177409877228950601e-30 2.089848729770829182e-30 1.193208870311226195e-30 5.690196675783814777e-31 1.840487667070643384e-31 1.053276389616586975e-29 4.372479436962653771e-33 1.455747554454925928e-33 2.036565340061135669e-34 8.591191589384678022e-30 6.987174397035760765e-30 5.543100568086019636e-30 4.158646858290411696e-30 2.842756413005651945e-30 1.702818217331050800e-30 8.666150775087900951e-31 3.589637626944693702e-31 1.221848097905711274e-31 2.416200978971201826e-32 2.839932730853963438e-33 1.212227786468996596e-34 9.007216258848084150e-30 7.371224865272508684e-30 5.883106050038192777e-30 4.446958832559379939e-30 3.069929922847284686e-30 1.862630653702309848e-30 9.632862899314100102e-31 4.064589730813606716e-31 1.377919738165209936e-31 2.832627483627861102e-32 3.374623161508074553e-33 1.458295710054141009e-34 9.542695783889511183e-30 7.873478686367672138e-30 6.331880283355434950e-30 4.828256858504815408e-30 3.369755696390469742e-30 2.072104431298444448e-30 1.088607123933033338e-30 4.670785319811096392e-31 1.583388196519915239e-31 3.347050528657107219e-32 4.028676486139953735e-33 1.757650553084603637e-34 9.738580945750613660e-30 8.056525943726447380e-30 6.495234307800588239e-30 4.966346253810719625e-30 3.477915591207989232e-30 2.147641904996117854e-30 1.133947935042718220e-30 4.891870635390998123e-31 1.662225012355079677e-31 3.542166561751034117e-32 4.288040956880868505e-33 1.886311954419482200e-34
1.313290678143490366e-30 9.811262438985383790e-31 7.471650511875466563e-31 5.484321985010662188e-31 3.707887760778937205e-31 2.203864073354280825e-31 1.107840023432038690e-31 4.402841290869483281e-32 4.372479436962653771e-33 2.272437726822845780e-30 -1.145008340978831144e-33 6.207302639420425735e-35 1.583974356396495509e-30 1.225381367607966267e-30 9.628428307479999692e-31 7.318481751409244348e-31 5.156787437605684672e-31 3.222523017272337992e-31 1.713138705870282240e-31 7.357433985107737805e-32 2.408373475869421957e-32 6.405422094784276411e-33 6.527583862836718260e-34 2.897014992511075937e-35 1.662135189075374059e-30 1.297176376183032055e-30 1.026836521761502951e-30 7.870419413931600631e-31 5.603623373848302541e-31 3.548152892008171246e-31 1.917981420626149015e-31 8.406294704563621745e-32 2.812997376044994850e-32 7.149080095336072849e-33 7.899242261848017474e-34 3.542101675554162906e-35 1.759580812138560837e-30 1.388843851266130273e-30 1.109744461884143955e-30 8.588915621473995103e-31 6.185678376949670330e-31 3.970099375295276615e-31 2.180650811733682514e-31 9.731450162030481217e-32 3.315949592254761876e-32 8.193027720581121195e-33 9.571845250894283448e-34 4.329579692394680355e-35 1.795897076543766247e-30 1.422799095743643648e-30 1.140390285255535701e-30 8.852919425681514120e-31 6.397988100558104340e-31 4.123685819018104602e-31 2.276592042386053988e-31 1.022025920241552326e-31 3.504848057478276194e-32 8.641092108505934848e-33 1.025296752998944853e-33 4.678016145727158164e-35
1.559782512218725223e-31 1.055252884925238452e-31 7.621645354264868135e-32 5.467206762163327859e-32 3.705594458127714831e-32 2.275428364138918658e-32 1.192268704053501383e-32 4.946290471856269326e-33 1.455747554454925928e-33 -1.145008340978831144e-33 2.888803747538120349e-31 -1.426578863965332247e-34 1.841047668710083528e-31 1.303277384708070710e-31 9.794527765905291682e-32 7.319281630247411313e-32 5.196195992671394854e-32 3.344284110232468955e-32 1.854084513657264158e-32 8.321728784792418033e-33 2.820275547439051272e-33 6.505323437870838485e-34 1.499719376561942345e-34 3.789258158789816152e-36 1.923810383323767875e-31 1.378029210403555061e-31 1.045812757608717305e-31 7.896001808837119188e-32 5.672202377412176433e-32 3.702036900169370379e-32 2.087941826668501198e-32 9.567215456128226346e-33 3.317675554614152291e-33 7.822868307829712714e-34 1.432981465572408046e-34 4.689497603874874855e-36 2.022936343342824337e-31 1.470533097564442938e-31 1.129743863959695078e-31 8.632369812190957976e-32 6.282353165477504425e-32 4.159309917377170212e-32 2.384310626487944095e-32 1.112500721139363503e-32 3.930858959202713024e-33 9.430820865696207123e-34 1.457712535137833491e-34 5.786284431406252593e-36 2.060830773666011052e-31 1.505628814927979989e-31 1.161483890142631097e-31 8.907450515009072296e-32 6.507982163518674260e-32 4.327596925937164413e-32 2.493620066430670610e-32 1.170562980666919016e-32 4.164499762866294262e-33 1.006621177929997840e-33 1.511558449019980441e-34 6.288763893931955448e-36
8.065319212790047895e-33 4.887610403933206442e-33 3.234483243007159941e-33 2.202572088009726922e-33 1.463267729134789322e-33 9.258023811237705377e-34 5.527872939105469139e-34 3.330253045404353727e-34 2.036565340061135669e-34 6.207302639420425735e-35 -1.426578863965332247e-34 2.043689013749822397e-32 9.152164619159353032e-33 5.805295165615294407e-33 4.033530845721965396e-33 2.852279555303803516e-33 1.968791529676586423e-33 1.271270218878362416e-33 7.235049976847204927e-34 3.383190183918688964e-34 1.200417563593116343e-34 2.881456104954559562e-35 3.783080388429898330e-36 2.510212395629782496e-36 9.480473168711236799e-33 6.092420311263041945e-33 4.284092479772337947e-33 3.068871442395313570e-33 2.148951322386441320e-33 1.409730140110048288e-33 8.171826976433963862e-34 3.903558689666006538e-34 1.416825488605637633e-34 3.471502885987703590e-35 4.643718770237636512e-36 1.444384214965074804e-36 9.856918154160413724e-33 6.434912081930325483e-33 4.591754739386388355e-33 3.338507341750895472e-33 2.375010394656087634e-33 1.583472235482716682e-33 9.339741256703718877e-34 4.545292022992111165e-34 1.680603804443889914e-34 4.185818289805018352e-35 5.684195420883964771e-36 6.057797812429665177e-37 1.000539058653984734e-32 6.568768764523403163e-33 4.711503803966941874e-33 3.441647140503159024e-33 2.460055158602174778e-33 1.648269366117622321e-33 9.775281741403585404e-34 4.787022949128995835e-34 1.782366820630115162e-34 4.473550525709176396e-35 6.129789826673584846e-36 4.578034037705164619e-37
2.266216213374666065e-26 1.179991032815310599e-26 5.759368186884730755e-27 2.573608859855287764e-27 1.041587626652820407e-27 3.799735026203606538e-28 1.246651240663003292e-28 3.575423375180754918e-29 8.591191589384678022e-30 1.583974356396495509e-30 1.841047668710083528e-31 9.152164619159353032e-33 4.133687257060479378e-26 1.248569623697757692e-26 6.235930023439457228e-27 2.839481023774724968e-27 1.175362170596418006e-27 4.404988793787390952e-28 1.490270504749530253e-28 4.413210355052743671e-29 1.091103161182425189e-29 2.041766484791539796e-30 2.355593522531468632e-31 1.132112610996810011e-32 2.737712543559383561e-26 1.278115502254151316e-26 6.359246553270358056e-27 2.905960697207725570e-27 1.209456142404279247e-27 4.564895947490588452e-28 1.557759836583563641e-28 4.660483294730260014e-29 1.165294259771595975e-29 2.206634737352572579e-30 2.568779345888806376e-31 1.236273826874666294e-32 2.845200734798403137e-26 1.305110209492761432e-26 6.524786472779672773e-27 2.998187591710072696e-27 1.256435755698820039e-27 4.780985544327521823e-28 1.646619889367118331e-28 4.973778162331587333e-29 1.254934847330332866e-29 2.394002746723420945e-30 2.802071037783939722e-31 1.350357034823062136e-32 2.883254180664126460e-26 1.314953566272689504e-26 6.584937044635351204e-27 3.031507780919988780e-27 1.273310443600914507e-27 4.858130853926864518e-28 1.678380450685708628e-28 5.085962725045627441e-29 1.287293949849022643e-29 2.464584196318846409e-30 2.899700029063262526e-31 1.406198840242540967e-32
1.179975292854966783e-26 7.316607930585240819e-27 3.789195329511927338e-27 1.814545081722453048e-27 7.805707793883778664e-28 2.983435173719076912e-28 1.011644645775502929e-28 2.943420128025473715e-29 6.987174397035760765e-30 1.225381367607966267e-30 1.303277384708070710e-31 5.805295165615294407e-33 1.248569623697757692e-26 1.391217153331382733e-26 4.127276001343929791e-27 2.032210778287486621e-27 8.960745719510884883e-28 3.522778083613110319e-28 1.233155090983547696e-28 3.711981422861861343e-29 9.105664787216837181e-30 1.637004259006247297e-30 1.752152504592473709e-31 7.629078848030357386e-33 1.278069172520780394e-26 8.825245174405510136e-27 4.252046582469524420e-27 2.088222370015108268e-27 9.257391368257787038e-28 3.666833831225730554e-28 1.295206985418773682e-28 3.940486704968745169e-29 9.784625317410171769e-30 1.783089767506662859e-30 1.933339329901457547e-31 8.464177361416034467e-33 1.305030382197302530e-26 9.177927314735331894e-27 4.381207384023755257e-27 2.164797497657079161e-27 9.667260524701099625e-28 3.862121812582665732e-28 1.377539181946642491e-28 4.234992461899817474e-29 1.062726600340031557e-29 1.955804216168880439e-30 2.139174429660063377e-31 9.409569286643393656e-33 1.314864519023141644e-26 9.302460998829840938e-27 4.427716408239128441e-27 2.192289168585663719e-27 9.813709276936051326e-28 3.931608453178301166e-28 1.406901484760775998e-28 4.340200243442685597e-29 1.093099125154622055e-29 2.020158335307616502e-30 2.222949928028068696e-31 9.852869788352088335e-33
5.759222628167708963e-27 3.789155940474124159e-27 2.264603942563894440e-27 1.150821598420866341e-27 5.290773450802444937e-28 2.141374562522474640e-28 7.612704855705105870e-29 2.294393631054288610e-29 5.543100568086019636e-30 9.628428307479999692e-31 9.794527765905291682e-32 4.033530845721965396e-33 6.235930023439457228e-27 4.127276001343929791e-27 5.050806970418809631e-27 1.303844763010296325e-27 6.208915748848878697e-28 2.590264943128958102e-28 9.516158259687244565e-29 2.968907184483953075e-29 7.421635566831893001e-30 1.327484606344597175e-30 1.372558087771183224e-31 5.593598367543136031e-33 6.359053399128190833e-27 4.251965571718841925e-27 2.817249536932079260e-27 1.356032170454396219e-27 6.448012539370892431e-28 2.711581789690979723e-28 1.005746501767373479e-28 3.172256676911227301e-29 8.028204122778037025e-30 1.456538384751123553e-30 1.528324411313573282e-31 6.286592104433964672e-33 6.524637012940446431e-27 4.381163996174655410e-27 2.951128235218301832e-27 1.413924841173030955e-27 6.777411348435869820e-28 2.876276816648328173e-28 1.077738152270957452e-28 3.436375962320128828e-29 8.793637611616136099e-30 1.612933040815374801e-30 1.710598465880328683e-31 7.090080976464553570e-33 6.584474287312109469e-27 4.427600314636914888e-27 2.998350313976174866e-27 1.434602701051294017e-27 6.894688564336157512e-28 2.934792484302050864e-28 1.103367948188943405e-28 3.530699609899269344e-29 9.069668470199501941e-30 1.670861437591008806e-30 1.783133886196343435e-31 7.453528099905617691e-33
2.573534519495504395e-27 1.814537637444566095e-27 1.150830419516259375e-27 6.697781604669821764e-28 3.270649818650725499e-28 1.410793336729013750e-28 5.285780334407073011e-29 1.665598747384044189e-29 4.158646858290411696e-30 7.318481751409244348e-31 7.319281630247411313e-32 2.852279555303803516e-33 2.839481023774724968e-27 2.032210778287486621e-27 1.303844763010296325e-27 1.663651214536406550e-27 3.914719613911487963e-28 1.759809320553708362e-28 6.828004412624605328e-29 2.229063542468852818e-29 5.760784823452910535e-30 1.045893298967559859e-30 1.070862706325392426e-31 4.177115833789444590e-33 2.906104364271724987e-27 2.088279404175309686e-27 1.355998590517573958e-27 8.642529664278760204e-28 4.120492120572211003e-28 1.855496937705639732e-28 7.276550023223648563e-29 2.402819339920737419e-29 6.286709766077159031e-30 1.158052614841110084e-30 1.204295735408586906e-31 4.760176312405333807e-33 2.998505419393978569e-27 2.164988610007983059e-27 1.413947606716839484e-27 9.141389346572154278e-28 4.364915101739934917e-28 1.985532658379150968e-28 7.871811578566490360e-29 2.628923199139590475e-29 6.956493830828055347e-30 1.296153434819831312e-30 1.364068229775492863e-31 5.447121107800904728e-33 3.031687927472447875e-27 2.192423716689340797e-27 1.434612669892297351e-27 9.318616131360449735e-28 4.451745787226514396e-28 2.031710900071131210e-28 8.083674988237910541e-29 2.709733945278834577e-29 7.198671616167808553e-30 1.347155945047524518e-30 1.426600725668968359e-31 5.747450401527765713e-33
1.041594582573051190e-27 7.806068254928958878e-28 5.291156978444324077e-28 3.270874458383192380e-28 1.821792386727495975e-28 8.318819089549353053e-29 3.300152349785194846e-29 1.091283271675115234e-29 2.842756413005651945e-30 5.156787437605684672e-31 5.196195992671394854e-32 1.968791529676586423e-33 1.175362170596418006e-27 8.960745719510884883e-28 6.208915748848878697e-28 3.914719613911487963e-28 5.350979663955865730e-28 1.069304872682264754e-28 4.444236867452245892e-29 1.525823508280125085e-29 4.115928280853074773e-30 7.703214941484871601e-31 7.978480877902884070e-32 3.064908219782745564e-33 1.209599129786749412e-27 9.258544522990294112e-28 6.448474177373206288e-28 4.120483640600451473e-28 2.506740660193492849e-28 1.145668429208670510e-28 4.787293267867743179e-29 1.664819429608957233e-29 4.546633321401511351e-30 8.634839128670393391e-31 9.086672635985789120e-32 3.535839242556243183e-33 1.256665560904529921e-27 9.669383516310027540e-28 6.778494394008503483e-28 4.365105809450954377e-28 2.692515031385926031e-28 1.238947809131049407e-28 5.240575281609245508e-29 1.844816781367377516e-29 5.097141459090268140e-30 9.791818300280400185e-31 1.043234835643716264e-31 4.109596172476618741e-33 1.273538221045009365e-27 9.816083730280776728e-28 6.896029347366419214e-28 4.451999842964595889e-28 2.758514382073712819e-28 1.272092854547563003e-28 5.402092302747759049e-29 1.909314619360761438e-29 5.296581664297248580e-30 1.021921389190179540e-30 1.095378140550830965e-31 4.353117159539401069e-33
3.800614110617599650e-28 2.984221443064200201e-28 2.142009023126941000e-28 1.411204537288116107e-28 8.320651818100867689e-29 4.319354711989152379e-29 1.796290459420170077e-29 6.246640261490182591e-30 1.702818217331050800e-30 3.222523017272337992e-31 3.344284110232468955e-32 1.271270218878362416e-33 4.404988793787390952e-28 3.522778083613110319e-28 2.590264943128958102e-28 1.759809320553708362e-28 1.069304872682264754e-28 1.786246037536298275e-28 2.519656102619880136e-29 9.212710629538611228e-30 2.606022459377475171e-30 5.080573351557867008e-31 5.424080632971586805e-32 2.123873986282079956e-33 4.565549489197546312e-28 3.667273467952753290e-28 2.711780275796781768e-28 1.855524971107744886e-28 1.145612935319191806e-28 6.576575429866252530e-29 2.771967677214486207e-29 1.021628606797189755e-29 2.926683705969260183e-30 5.791021807289648561e-31 6.279210389441127228e-32 2.467318246755852380e-33 4.782576961868763377e-28 3.863369809037269131e-28 2.876944012772607032e-28 1.985714431392727532e-28 1.238918257153493365e-28 7.221092431984242890e-29 3.076870714699617196e-29 1.149856918126321795e-29 3.335100972623958192e-30 6.674201795964210110e-31 7.324589680712168987e-32 2.915562856044736844e-33 4.860366102114774598e-28 3.933500518618078944e-28 2.935958975419742484e-28 2.032113322398046155e-28 1.272105160531902848e-28 7.451578049924166944e-29 3.185906924083525039e-29 1.196012458878461432e-29 3.483864277089511376e-30 7.001846227292523252e-31 7.728451618366136121e-32 3.102928875451150644e-33
1.247841759157371333e-28 1.012577164115651949e-28 7.619655464977360730e-29 5.290470274363636269e-29 3.302766343983238660e-29 1.797286070402187022e-29 8.497546072825943225e-30 3.047934432323757487e-30 8.666150775087900951e-31 1.713138705870282240e-31 1.854084513657264158e-32 7.235049976847204927e-34 1.490270504749530253e-28 1.233155090983547696e-28 9.516158259687244565e-29 6.828004412624605328e-29 4.444236867452245892e-29 2.519656102619880136e-29 5.832566378944263399e-29 4.713523331163990160e-30 1.412714905132499036e-30 2.880063241858520305e-31 3.195585774483788513e-32 1.314046559696860886e-33 1.557695076503086816e-28 1.295169126843855718e-28 1.005591957321499218e-28 7.274833159555663480e-29 4.785958735980511741e-29 2.771287635266251256e-29 1.479177425201508528e-29 5.390735631130201831e-30 1.623297263510462735e-30 3.353773586422719644e-31 3.783997243837517692e-32 1.529827322395832475e-33 1.646814415025168127e-28 1.377770691791696242e-28 1.077703850671957505e-28 7.870011052079799428e-29 5.238763353750181749e-29 3.075838288593313043e-29 1.669811591030211740e-29 6.174678972277991511e-30 1.886265242819146148e-30 3.942447576956978661e-31 4.499206787682014306e-32 1.841787603806432553e-33 1.678991104453552999e-28 1.407514865450220909e-28 1.103649147851689347e-28 8.083586752143878372e-29 5.400936817433287457e-29 3.184941472183511015e-29 1.738735154513373939e-29 6.458995032128762858e-30 1.982753297147803493e-30 4.162666026691983284e-31 4.776626972141438522e-32 1.972185181694237588e-33
3.585822668481868146e-29 2.951147437460277011e-29 2.300022793033758700e-29 1.669431086020622291e-29 1.093582271218921396e-29 6.257864564308299247e-30 3.051564819100806550e-30 1.255973396080469837e-30 3.589637626944693702e-31 7.357433985107737805e-32 8.321728784792418033e-33 3.383190183918688964e-34 4.413210355052743671e-29 3.711981422861861343e-29 2.968907184483953075e-29 2.229063542468852818e-29 1.525823508280125085e-29 9.212710629538611228e-30 4.713523331163990160e-30 1.855526229817943138e-29 6.071103618425063574e-31 1.323014867371664504e-31 1.525318262158748260e-32 6.893574330352516148e-34 4.655531080372065532e-29 3.937173787693402037e-29 3.169356471367320230e-29 2.400434224970908371e-29 1.663062797434464925e-29 1.020573608757701727e-29 5.386597156311279929e-30 2.586743766603542476e-30 7.361274417982268201e-31 1.584583958101018196e-31 1.861690618887066181e-32 7.834924846942539213e-34 4.966854016272830329e-29 4.230875110081306834e-29 3.432603572700381701e-29 2.625379314104048263e-29 1.842002651991838027e-29 1.148075562838833662e-29 6.167438364363847187e-30 3.014309669724532162e-30 8.735340175376109691e-31 1.905554789689477576e-31 2.263444334935318902e-32 9.638418760777220467e-34 5.080464794156738197e-29 4.337804535715906014e-29 3.528431391824323226e-29 2.706958947089410171e-29 1.906722059666886973e-29 1.194211468175440156e-29 6.451048487877186616e-30 3.171712180465374644e-30 9.245326052758122603e-31 2.027148573414120686e-31 2.421030348247623887e-32 1.039360536055640809e-33
8.651565420944233627e-30 7.031022166283856515e-30 5.574675254169787034e-30 4.180260846030694124e-30 2.856174607543144875e-30 1.710001227904291638e-30 8.696279039386544956e-31 3.597491723292128239e-31 1.221848097905711274e-31 2.408373475869421957e-32 2.820275547439051272e-33 1.200417563593116343e-34 1.091103161182425189e-29 9.105664787216837181e-30 7.421635566831893001e-30 5.760784823452910535e-30 4.115928280853074773e-30 2.606022459377475171e-30 1.412714905132499036e-30 6.071103618425063574e-31 5.252945675778013516e-30 4.178718028260227539e-32 5.466493812657303404e-33 2.871810867953359007e-34 1.160317563496921984e-29 9.750826083806804277e-30 8.002183863764549168e-30 6.267137600386440341e-30 4.532703172418917744e-30 2.917961432961146658e-30 1.618903700320350517e-30 7.347305997947764053e-31 3.079964716970845327e-31 5.662794425462021702e-32 6.881695826468697119e-33 3.017758037666528326e-34 1.246458254849999000e-29 1.057212646989343659e-29 8.751368994664173950e-30 6.923291736606686900e-30 5.072875031780772181e-30 3.319447632017985526e-30 1.878128092587541851e-30 8.708677867626902289e-31 3.697585367083404486e-31 6.964806850705998004e-32 8.564035751631300826e-33 3.797416575609969723e-34 1.278480286440280058e-29 1.087620014147415068e-29 9.028685613602189085e-30 7.165065776661156455e-30 5.270787072895069558e-30 3.466524070595450001e-30 1.973424357185126964e-30 9.213426933243317319e-31 3.931503270686284927e-31 7.466401323662021744e-32 9.236595232022604764e-33 4.128438103318271572e-34
1.605366730161950400e-30 1.240753265520596457e-30 9.738552726821944985e-31 7.394064938408860321e-31 5.204506048281578709e-31 3.249087785642572613e-31 1.725350512371917542e-31 7.398634990827217316e-32 2.416200978971201826e-32 6.405422094784276411e-33 6.505323437870838485e-34 2.881456104954559562e-35 2.041766484791539796e-30 1.637004259006247297e-30 1.327484606344597175e-30 1.045893298967559859e-30 7.703214941484871601e-31 5.080573351557867008e-31 2.880063241858520305e-31 1.323014867371664504e-31 4.178718028260227539e-32 1.100934795823944974e-30 6.841369698023775325e-34 7.406955975423350717e-35 2.181390442555008779e-30 1.766028877938234889e-30 1.443935823791989175e-30 1.148830270642243518e-30 8.570155175483029803e-31 5.749664165713371684e-31 3.331221123214863049e-31 1.575300337536286921e-31 5.640676131537755238e-32 2.113218422217663693e-32 1.685148043456905204e-33 7.624227760059496497e-35 2.346894073058636580e-30 1.924547433849598912e-30 1.590094149290165273e-30 1.279140556903528056e-30 9.670675780502890017e-31 6.595241550234218427e-31 3.898382927537168809e-31 1.886931672378226425e-31 6.918989664528599176e-32 2.571031404990269337e-32 2.138887816752334079e-33 9.784057329896544449e-35 2.410127134598923517e-30 1.984732379057978232e-30 1.645459239194897077e-30 1.327997570632858303e-30 1.007979541809674815e-30 6.908774234417503485e-31 4.109370913895737096e-31 2.003946169413560366e-31 7.406935514628416542e-32 2.751960385708261973e-32 2.324823747875655672e-33 1.072340551239986616e-34
1.877909085035880260e-31 1.329643101036984372e-31 9.982700343545525105e-32 7.448632700399872424e-32 5.278497371350482186e-32 3.391015640838664780e-32 1.876414705241175791e-32 8.403653861889977762e-33 2.839932730853963438e-33 6.527583862836718260e-34 1.499719376561942345e-34 3.783080388429898330e-36 2.355593522531468632e-31 1.752152504592473709e-31 1.372558087771183224e-31 1.070862706325392426e-31 7.978480877902884070e-32 5.424080632971586805e-32 3.195585774483788513e-32 1.525318262158748260e-32 5.466493812657303404e-33 6.841369698023775325e-34 1.386262465793048951e-31 -5.259555108941033505e-35 2.511637809032000064e-31 1.894539813548038802e-31 1.500211159087328364e-31 1.184011373708296805e-31 8.945528824690542859e-32 6.188451131965187844e-32 3.732820391572259894e-32 1.838602110058434917e-32 6.809767127583703271e-33 1.674066283445547780e-33 8.045199015445921576e-34 9.931184551371557883e-36 2.687390103219501582e-31 2.062306012590075232e-31 1.655359973044815245e-31 1.323789383224598817e-31 1.014947990181208198e-31 7.139880339304512158e-32 4.392845783431173338e-32 2.214058534965603442e-32 8.405153927526096940e-33 2.113835057283154320e-33 9.516654388958090364e-34 1.289942228956599974e-35 2.756848127578222911e-31 2.128034754005296519e-31 1.715902315067101931e-31 1.377404107552139650e-31 1.060434422418931492e-31 7.496961311496963054e-32 4.640809878103126386e-32 2.356440812278421046e-32 9.021689268437103156e-33 2.288619499153254886e-33 1.012373562046578046e-33 1.428148807739000811e-35
9.362151952214194200e-33 5.954252913383133169e-33 4.139925469412916970e-33 2.924712389154158461e-33 2.014812879573653217e-33 1.297329481904861793e-33 7.360503712363043588e-34 3.430103935063274906e-34 1.212227786468996596e-34 2.897014992511075937e-35 3.789258158789816152e-36 2.510212395629782496e-36 1.132112610996810011e-32 7.629078848030357386e-33 5.593598367543136031e-33 4.177115833789444590e-33 3.064908219782745564e-33 2.123873986282079956e-33 1.314046559696860886e-33 6.893574330352516148e-34 2.871810867953359007e-34 7.406955975423350717e-35 -5.259555108941033505e-35 9.783104165913356608e-33 1.197106071019504378e-32 8.192483276966292838e-33 6.093426962245858392e-33 4.619787381772372160e-33 3.437166626047513304e-33 2.402533471046181362e-33 1.492203456540135590e-33 7.656880062907327618e-34 2.958164453226328134e-34 7.513416398307531344e-35 9.852389757054791722e-36 2.353063522573418144e-35 1.265712349358916585e-32 8.837251165265057996e-33 6.687018357500333139e-33 5.154664196145224417e-33 3.902771110943319217e-33 2.778704302395756152e-33 1.761703177427267416e-33 9.249251360888873047e-34 3.659472770024728618e-34 9.500340343574852488e-35 1.271178255997815371e-35 2.657804238503525156e-35 1.293801162193191454e-32 9.098395702335645287e-33 6.926038106653231055e-33 5.365062331485449590e-33 4.082046101226845929e-33 2.921792937705565971e-33 1.863900608146510307e-33 9.857664127294354289e-34 3.932762926010858633e-34 1.030089308153758677e-34 1.390270641967583092e-35 2.790206517693386029e-35
2.279810828004969685e-26 1.197330707986963684e-26 5.862016342094649248e-27 2.629295754194415097e-27 1.068961308006233577e-27 3.920421377740749509e-28 1.293780015868813676e-28 3.732026404634572065e-29 9.007216258848084150e-30 1.662135189075374059e-30 1.923810383323767875e-31 9.480473168711236799e-33 2.737712543559383561e-26 1.278069172520780394e-26 6.359053399128190833e-27 2.906104364271724987e-27 1.209599129786749412e-27 4.565549489197546312e-28 1.557695076503086816e-28 4.655531080372065532e-29 1.160317563496921984e-29 2.181390442555008779e-30 2.511637809032000064e-31 1.197106071019504378e-32 4.046397353585143058e-26 1.289366571173790793e-26 6.478302485140174587e-27 2.975584968500129928e-27 1.245971848817980405e-27 4.738297771370495058e-28 1.632214902438274520e-28 4.936168342200530659e-29 1.247714910580263268e-29 2.378549225661935540e-30 2.768661092276338111e-31 1.323029690034939601e-32 3.278418720043254115e-26 1.323367312781110279e-26 6.652254771162437981e-27 3.071958301999327648e-27 1.295627372512034480e-27 4.971041867395772671e-28 1.730233327457485358e-28 5.292494165174317513e-29 1.352966531661429871e-29 2.605163744709259556e-30 3.054294813457954884e-31 1.461923549075114742e-32 3.376758737777152162e-26 1.333132111221055047e-26 6.714462547160987064e-27 3.106871519750290547e-27 1.313528514020615795e-27 5.054209693665689645e-28 1.765370362191235177e-28 5.420838808549005578e-29 1.391399240021191751e-29 2.691659183334519348e-30 3.174316997177485312e-31 1.528637219102474863e-32
1.197320792767821959e-26 7.409370540094167867e-27 3.868713403391210351e-27 1.860078332059521493e-27 8.040475419170106859e-28 3.090368595231134971e-28 1.054364697146707191e-28 3.087329818338237123e-29 7.371224865272508684e-30 1.297176376183032055e-30 1.378029210403555061e-31 6.092420311263041945e-33 1.278115502254151316e-26 8.825245174405510136e-27 4.251965571718841925e-27 2.088279404175309686e-27 9.258544522990294112e-28 3.667273467952753290e-28 1.295169126843855718e-28 3.937173787693402037e-29 9.750826083806804277e-30 1.766028877938234889e-30 1.894539813548038802e-31 8.192483276966292838e-33 1.289366571173790793e-26 1.337638294214435577e-26 4.323663141115148141e-27 2.145832920290851502e-27 9.577288662669454038e-28 3.823504317173778962e-28 1.363958414036352423e-28 4.198285203086383886e-29 1.055473667253938523e-29 1.942692377026013170e-30 2.115274014196966141e-31 9.224720449030041753e-33 1.323329277098472522e-26 1.039218230766668874e-26 4.477958126110936241e-27 2.226627410644365498e-27 1.001209934370239193e-27 4.034863800457653114e-28 1.455218729987202388e-28 4.534775606853895933e-29 1.154961696091444356e-29 2.153153342290393154e-30 2.370602122453825017e-31 1.040126429783932653e-32 1.333091476665331783e-26 1.067608699685817329e-26 4.525619630886329339e-27 2.255541812047498078e-27 1.016819262493034120e-27 4.110143560587686094e-28 1.487880953872373639e-28 4.655717660513251202e-29 1.191314315144820909e-29 2.232770514842030722e-30 2.475402802104002672e-31 1.094209027742389891e-32
