# Created by Tilman Tröster (tilman@troester.space) on 2021-07-28 20:23:40 using covariance_NG.py
# Covariance HMx EEEE cNG, 1h fsky=0.006565141402540683
7.981693759509940004e-26 3.537879030334747414e-26 1.660244875245778486e-26 7.336381077416532098e-27 2.908688599305248316e-27 1.054197443677860654e-27 3.508648184569254504e-28 1.066141277944327767e-28 2.968505541926304254e-29 7.535821909932660841e-30 1.736862610250920047e-30 3.583262000289784518e-31 8.395287422905177153e-26 3.766907817183129718e-26 1.792035502869281386e-26 8.043128645082936291e-27 3.251629454616329371e-27 1.205532514811061183e-27 4.117575261125756901e-28 1.287580427262713664e-28 3.699128141803500732e-29 9.723017480623038020e-30 2.324110310117302584e-30 4.970955083936766590e-31 8.490075376318929911e-26 3.821497415730157065e-26 1.824098100297177995e-26 8.217736073708029058e-27 3.337999083083035746e-27 1.244584799838731313e-27 4.279426214256625373e-28 1.348520817884511110e-28 3.907980845359952775e-29 1.037156930997899709e-29 2.505895314138697127e-30 5.422447831049943729e-31 8.626757916704194084e-26 3.899322142744347006e-26 1.869496258492019582e-26 8.463693637876074005e-27 3.459000023386731246e-27 1.298970203417807615e-27 4.503348728531144170e-28 1.432243956386054585e-28 4.192742354077215706e-29 1.125165001029955107e-29 2.751175464934747988e-30 6.028200416257255612e-31 8.677266612348428480e-26 3.927694549054180570e-26 1.885879664524953899e-26 8.551774459976441841e-27 3.502077233029212281e-27 1.318261037911619665e-27 4.582657685362756898e-28 1.461917563280710585e-28 4.293930630927326133e-29 1.156578017740253680e-29 2.839258969790341812e-30 6.247558341125864968e-31
3.537879030334747414e-26 1.871516603314414013e-26 9.699892899205169797e-27 4.608066327320563710e-27 1.963330838083211717e-27 7.528740556480536675e-28 2.633679668279095353e-28 8.341692286605257236e-29 2.400399704384856073e-29 6.250576488309548281e-30 1.465173528892417379e-30 3.065133019938395744e-31 3.766907817183113073e-26 2.018129049003133192e-26 1.061366372300580735e-26 5.130142344703461499e-27 2.231479585454136863e-27 8.757950850854794319e-28 3.142738438103240475e-28 1.023391459784361723e-28 3.035114530384744814e-29 8.174492114538804607e-30 1.986623935618692318e-30 4.305991383425144180e-31 3.821497415730161083e-26 2.053878019492194011e-26 1.083937875673167999e-26 5.260626549259644423e-27 2.299622731071000642e-27 9.077704909545887710e-28 3.279096940030286484e-28 1.075855057872497083e-28 3.217760057812567612e-29 8.748828639860041878e-30 2.149042302433146518e-30 4.712220671970976293e-31 3.899322142744317159e-26 2.104494630154242187e-26 1.115746393616542174e-26 5.443747347755033961e-27 2.394810901404151092e-27 9.521938795821267736e-28 3.467378884296170349e-28 1.147805496612490054e-28 3.466514650428550092e-29 9.527409576483870095e-30 2.367973700088901295e-30 5.256601023897982115e-31 3.927694549054184587e-26 2.122777178223105821e-26 1.127147602117413144e-26 5.508979463659639093e-27 2.428568765429755538e-27 9.679109387594293456e-28 3.533965717245399828e-28 1.173288906517587967e-28 3.554894636336015463e-29 9.805082688397717158e-30 2.446621961500339600e-30 5.453822705231435380e-31
1.660244875245778486e-26 9.699892899205169797e-27 5.569267346801719996e-27 2.877237469371582531e-27 1.310537186778728319e-27 5.334058198922305147e-28 1.968996583540756881e-28 6.544913452557683784e-29 1.962558408224201703e-29 5.283709475453703580e-30 1.269587952518054477e-30 2.704501596879030283e-31 1.792035502869270768e-26 1.061366372300577435e-26 6.192986569180746801e-27 3.262191185807196983e-27 1.520286105241989905e-27 6.342547384929130187e-28 2.402234777039403965e-28 8.202905368874646813e-29 2.531796348921826633e-29 7.041259556733690792e-30 1.752959786482266890e-30 3.867317191825126430e-31 1.824098100297185169e-26 1.083937875673170582e-26 6.348647572586315000e-27 3.359322272270102903e-27 1.574087041038957168e-27 6.607473850319398706e-28 2.519531700833552933e-28 8.667733164440584099e-29 2.697313587482841500e-29 7.571517170575348626e-30 1.905012119107128233e-30 4.251811183949068619e-31 1.869496258492007816e-26 1.115746393616538300e-26 6.567205672943729434e-27 3.495214826911716824e-27 1.649037922943905308e-27 6.974612540441638437e-28 2.681097199912552347e-28 9.303753068545913186e-29 2.922392001856760046e-29 8.289118066186788548e-30 2.109673023415079016e-30 4.766119921158556547e-31 1.885879664524955908e-26 1.127147602117414435e-26 6.645081959922692523e-27 3.543403655593075488e-27 1.675530079326812502e-27 7.104216506653197909e-28 2.738165542616711619e-28 9.528929321351825868e-29 3.002376386103920863e-29 8.545127070832957500e-30 2.183256077694260023e-30 4.952639444319937108e-31
7.336381077416532098e-27 4.608066327320563710e-27 2.877237469371582531e-27 1.627022331427578167e-27 8.034731584021846438e-28 3.478193922088048773e-28 1.355474492610541456e-28 4.746584191286480910e-29 1.493761603410157510e-29 4.194189721381149953e-30 1.042169711796231263e-30 2.276784134665633772e-31 8.043128645082957815e-27 5.130142344703444997e-27 3.262191185807172589e-27 1.884951501191893449e-27 9.550253241219946368e-28 4.251130295679375435e-28 1.702557391279904782e-28 6.122826760776438760e-29 1.980656384729851680e-29 5.737138882505193862e-30 1.475839051820398101e-30 3.337781924378413967e-31 8.217736073708041972e-27 5.260626549259636531e-27 3.359322272270091423e-27 1.950771424943435271e-27 9.943743028285802122e-28 4.456975595201700112e-28 1.798044903380052097e-28 6.515435102992407158e-29 2.124756645777904857e-29 6.210591827951967942e-30 1.614468335866641658e-30 3.694082856764875456e-31 8.463693637876261981e-27 5.443747347755098533e-27 3.495214826911713236e-27 2.042561686249850919e-27 1.049021834118025814e-27 4.741337178937713307e-28 1.929100381665269439e-28 7.050839409201238946e-29 2.320110996773617846e-29 6.849265362717587382e-30 1.800629875101458947e-30 4.169567528534173032e-31 8.551774459976443276e-27 5.508979463659639093e-27 3.543403655593066878e-27 2.074996892438641576e-27 1.068289698844066079e-27 4.841561054287522095e-28 1.975362021314768272e-28 7.240439255342775895e-29 2.389597599847898274e-29 7.077957498871087308e-30 1.867668332823504111e-30 4.342392974031957497e-31
2.908688599305248316e-27 1.963330838083211717e-27 1.310537186778728319e-27 8.034731584021846438e-28 4.350099094380252142e-28 2.029268798604987452e-28 8.354679417001220775e-29 3.080544349927697397e-29 1.022081957908951758e-29 3.017892039207335285e-30 7.829342164199019799e-31 1.769991194345983335e-31 3.251629454616307130e-27 2.231479585454118926e-27 1.520286105241980040e-27 9.550253241219811843e-28 5.320842481997230425e-28 2.563117226455023357e-28 1.088864281518674182e-28 4.128113605761332007e-29 1.406245116225727247e-29 4.277181118103157337e-30 1.147904890556002174e-30 2.685699983931216218e-31 3.337999083082984088e-27 2.299622731070965127e-27 1.574087041038940666e-27 9.943743028285845170e-28 5.577568789990856023e-28 2.708205446535850937e-28 1.160222063888102647e-28 4.435076870345353944e-29 1.523207427646478524e-29 4.674439652710961356e-30 1.267665258186147717e-30 3.000954240163850849e-31 3.459000023386741291e-27 2.394810901404141406e-27 1.649037922943895981e-27 1.049021834118031195e-27 5.932640680169644955e-28 2.907785480792611033e-28 1.257725791604570155e-28 4.851643803996843259e-29 1.681013973910959230e-29 5.208156064397011310e-30 1.427918682475791102e-30 3.420613239561028598e-31 3.502077233029197932e-27 2.428568765429746569e-27 1.675530079326810349e-27 1.068289698844059622e-27 6.057677042800770194e-28 2.978097243140743439e-28 1.292158953415132893e-28 4.999366287705772636e-29 1.737272902685037117e-29 5.399652569830738191e-30 1.485871672108652260e-30 3.573665979863193967e-31
1.054197443677860654e-27 7.528740556480536675e-28 5.334058198922305147e-28 3.478193922088048773e-28 2.029268798604987452e-28 1.031144267799069312e-28 4.532333083432651629e-29 1.752662502373558148e-29 6.115457653092373151e-30 1.907486413659009524e-30 5.207747344615302628e-31 1.228887167423850850e-31 1.205532514811065488e-27 8.757950850854831986e-28 6.342547384929147226e-28 4.251130295679377229e-28 2.563117226455029186e-28 1.350940155552146536e-28 6.163968145679820921e-29 2.461973782558077299e-29 8.819955159362202356e-30 2.829405483827610731e-30 7.987014147971931660e-31 1.950577547759048071e-31 1.244584799838714991e-27 9.077704909545859011e-28 6.607473850319444445e-28 4.456975595201690247e-28 2.708205446535852282e-28 1.440441551482386628e-28 6.638804286910230936e-29 2.677952081021250282e-29 9.678946581871791895e-30 3.132800648682137737e-30 8.936504160871879403e-31 2.208992845222876737e-31 1.298970203417809588e-27 9.521938795821305403e-28 6.974612540441708390e-28 4.741337178937792228e-28 2.907785480792622692e-28 1.562871021121729892e-28 7.283812633717157834e-29 2.969136553563286555e-29 1.083020919694458389e-29 3.537994906584897484e-30 1.020074187520813870e-30 2.551624890495077918e-31 1.318261037911625943e-27 9.679109387594341885e-28 7.104216506653190734e-28 4.841561054287475459e-28 2.978097243140757340e-28 1.606056269849600897e-28 7.512070914848684660e-29 3.072724314177899199e-29 1.124244493352693186e-29 3.684097938452404698e-30 1.066025208482738412e-30 2.677343972014123736e-31
3.508648184569254504e-28 2.633679668279095353e-28 1.968996583540756881e-28 1.355474492610541456e-28 8.354679417001220775e-29 4.532333083432651629e-29 2.146034398793415187e-29 8.749054626871039590e-30 3.176314369861639605e-30 1.042079914780511789e-30 3.004674970341068707e-31 7.444872919217620435e-32 4.117575261125749726e-28 3.142738438103241821e-28 2.402234777039418315e-28 1.702557391279919356e-28 1.088864281518675527e-28 6.163968145679846705e-29 3.048872427748125995e-29 1.293745115480764534e-29 4.840576017595358305e-30 1.631479799384722855e-30 4.863176142938721773e-31 1.248409242633615017e-31 4.279426214256616404e-28 3.279096940030289174e-28 2.519531700833549794e-28 1.798044903380032591e-28 1.160222063888108477e-28 6.638804286910292594e-29 3.323223227035683534e-29 1.427822230355703100e-29 5.400714953993047279e-30 1.837605187110332676e-30 5.536461750293326186e-31 1.439531460388033407e-31 4.503348728531141480e-28 3.467378884296154206e-28 2.681097199912535308e-28 1.929100381665274148e-28 1.257725791604564325e-28 7.283812633717132050e-29 3.693155715910612823e-29 1.607137263179554379e-29 6.145404317307396353e-30 2.110787825789824768e-30 6.427342255967061480e-31 1.691562186465180905e-31 4.582657685362691429e-28 3.533965717245367094e-28 2.738165542616716103e-28 1.975362021314781725e-28 1.292158953415141413e-28 7.512070914848719412e-29 3.824622272175241546e-29 1.671315380017189331e-29 6.413955286913358616e-30 2.210164349845335142e-30 6.754290997764290153e-31 1.785015629367434776e-31
1.066141277944327767e-28 8.341692286605257236e-29 6.544913452557683784e-29 4.746584191286480910e-29 3.080544349927697397e-29 1.752662502373558148e-29 8.749054626871039590e-30 3.794911294790818182e-30 1.432568009784119488e-30 4.868028637738217188e-31 1.476315339015147300e-31 3.846622961987266003e-32 1.287580427262704023e-28 1.023391459784360602e-28 8.202905368874698381e-29 6.122826760776447728e-29 4.128113605761319676e-29 2.461973782558071694e-29 1.293745115480763974e-29 5.887634966012064793e-30 2.309080690434020804e-30 8.074404602357755494e-31 2.531407829221781379e-31 6.852401840172152359e-32 1.348520817884506177e-28 1.075855057872493495e-28 8.667733164440533652e-29 6.515435102992341017e-29 4.435076870345381970e-29 2.677952081021251403e-29 1.427822230355695252e-29 6.599139814174009568e-30 2.626093864733390711e-30 9.290098587837687045e-31 2.945441033226628734e-31 8.085651477884298757e-32 1.432243956386064001e-28 1.147805496612503282e-28 9.303753068546018563e-29 7.050839409201279303e-29 4.851643803996834291e-29 2.969136553563280950e-29 1.607137263179555220e-29 7.542450763827099155e-30 3.043683309553876086e-30 1.088795480414822995e-30 3.489857435861848488e-31 9.704001881822992894e-32 1.461917563280722468e-28 1.173288906517591554e-28 9.528929321351773179e-29 7.240439255342736658e-29 4.999366287705798981e-29 3.072724314177912091e-29 1.671315380017191013e-29 7.882704005263460057e-30 3.195906775159819304e-30 1.147717152935342939e-30 3.692764931706858285e-31 1.031407843258499734e-31
2.968505541926304254e-29 2.400399704384856073e-29 1.962558408224201703e-29 1.493761603410157510e-29 1.022081957908951758e-29 6.115457653092373151e-30 3.176314369861639605e-30 1.432568009784119488e-30 5.677990406194911765e-31 1.983561104363823304e-31 6.218020891246756189e-32 1.694582932636084596e-32 3.699128141803527637e-29 3.035114530384760508e-29 2.531796348921827194e-29 1.980656384729849158e-29 1.406245116225727528e-29 8.819955159362245796e-30 4.840576017595380726e-30 2.309080690434015199e-30 9.580920159412750162e-31 3.463679861855769585e-31 1.122680476706557226e-31 3.190218025296108475e-32 3.907980845359977998e-29 3.217760057812579383e-29 2.697313587482847105e-29 2.124756645777912143e-29 1.523207427646474881e-29 9.678946581871894190e-30 5.400714953993057789e-30 2.626093864733392813e-30 1.110282136850180210e-30 4.078667072821253284e-31 1.339383991152697429e-31 3.865636001774186289e-32 4.192742354077206738e-29 3.466514650428548971e-29 2.922392001856766212e-29 2.320110996773622890e-29 1.681013973910941574e-29 1.083020919694463013e-29 6.145404317307354314e-30 3.043683309553896404e-30 1.309472785143732780e-30 4.882235904277521909e-31 1.623386278151886506e-31 4.751115087953950306e-32 4.293930630927385548e-29 3.554894636336044049e-29 3.002376386103920863e-29 2.389597599847901077e-29 1.737272902685037117e-29 1.124244493352688842e-29 6.413955286913378234e-30 3.195906775159834719e-30 1.383095213819387642e-30 5.184141964727959956e-31 1.731707691245406105e-31 5.093409935843625051e-32
7.535821909932660841e-30 6.250576488309548281e-30 5.283709475453703580e-30 4.194189721381149953e-30 3.017892039207335285e-30 1.907486413659009524e-30 1.042079914780511789e-30 4.868028637738217188e-31 1.983561104363823304e-31 7.216633982724668242e-32 2.314510983284866729e-32 6.507619586903726258e-33 9.723017480623028211e-30 8.174492114538789192e-30 7.041259556733699199e-30 5.737138882505221187e-30 4.277181118103160840e-30 2.829405483827600571e-30 1.631479799384718301e-30 8.074404602357758997e-31 3.463679861855774840e-31 1.308827551881970792e-31 4.344634050103020661e-32 1.274081751807289033e-32 1.037156930997904894e-29 8.748828639860029267e-30 7.571517170575293976e-30 6.210591827951957432e-30 4.674439652710907406e-30 3.132800648682128278e-30 1.837605187110332676e-30 9.290098587837630993e-31 4.078667072821234892e-31 1.573282395697123413e-31 5.311438033079578997e-32 1.584509837435719458e-32 1.125165001029956649e-29 9.527409576483891115e-30 8.289118066186810969e-30 6.849265362717583178e-30 5.208156064396965067e-30 3.537994906584895382e-30 2.110787825789831074e-30 1.088795480414818090e-30 4.882235904277529791e-31 1.919034217309049663e-31 6.583651569696067116e-32 1.994661279911621174e-32 1.156578017740245272e-29 9.805082688397647093e-30 8.545127070832891639e-30 7.077957498871050874e-30 5.399652569830761313e-30 3.684097938452399794e-30 2.210164349845340047e-30 1.147717152935342764e-30 5.184141964727969590e-31 2.051857255942660491e-31 7.083525379849203946e-32 2.158906973829049349e-32
1.736862610250920047e-30 1.465173528892417379e-30 1.269587952518054477e-30 1.042169711796231263e-30 7.829342164199019799e-31 5.207747344615302628e-31 3.004674970341068707e-31 1.476315339015147300e-31 6.218020891246756189e-32 2.314510983284866729e-32 7.731516978835042160e-33 2.227857624319127540e-33 2.324110310117273857e-30 1.986623935618675502e-30 1.752959786482263036e-30 1.475839051820401429e-30 1.147904890556001474e-30 7.987014147971900130e-31 4.863176142938728780e-31 2.531407829221795392e-31 1.122680476706560729e-31 4.344634050103024492e-32 1.499818754041918598e-32 4.494169937858834607e-33 2.505895314138704484e-30 2.149042302433140562e-30 1.905012119107116322e-30 1.614468335866654620e-30 1.267665258186150169e-30 8.936504160871781312e-31 5.536461750293345453e-31 2.945441033226625231e-31 1.339383991152697429e-31 5.311438033079557101e-32 1.870595412641846065e-32 5.712790657858596637e-33 2.751175464934782670e-30 2.367973700088909353e-30 2.109673023415069207e-30 1.800629875101453342e-30 1.427918682475802663e-30 1.020074187520818424e-30 6.427342255967070238e-31 3.489857435861861625e-31 1.623386278151892856e-31 6.583651569696072590e-32 2.364078726614508370e-32 7.350969984646546503e-33 2.839258969790352672e-30 2.446621961500342753e-30 2.183256077694257220e-30 1.867668332823511468e-30 1.485871672108650158e-30 1.066025208482738938e-30 6.754290997764274388e-31 3.692764931706852154e-31 1.731707691245406762e-31 7.083525379849209420e-32 2.564302015856556293e-32 8.035290473843524633e-33
3.583262000289784518e-31 3.065133019938395744e-31 2.704501596879030283e-31 2.276784134665633772e-31 1.769991194345983335e-31 1.228887167423850850e-31 7.444872919217620435e-32 3.846622961987266003e-32 1.694582932636084596e-32 6.507619586903726258e-33 2.227857624319127540e-33 6.709163916928592931e-34 4.970955083936758708e-31 4.305991383425139801e-31 3.867317191825121613e-31 3.337781924378409150e-31 2.685699983931220159e-31 1.950577547759051355e-31 1.248409242633612171e-31 6.852401840172146885e-32 3.190218025296105191e-32 1.274081751807291770e-32 4.494169937858829817e-33 1.403676005187676717e-33 5.422447831049925337e-31 4.712220671970965783e-31 4.251811183949069495e-31 3.694082856764876332e-31 3.000954240163846908e-31 2.208992845222878927e-31 1.439531460388041289e-31 8.085651477884283431e-32 3.865636001774179173e-32 1.584509837435714806e-32 5.712790657858593216e-33 1.819864034019977756e-33 6.028200416257261743e-31 5.256601023898011016e-31 4.766119921158588076e-31 4.169567528534167777e-31 3.420613239561045676e-31 2.551624890495074415e-31 1.691562186465179810e-31 9.704001881823007126e-32 4.751115087953939358e-32 1.994661279911617069e-32 7.350969984646532818e-33 2.388659387846745968e-33 6.247558341125808916e-31 5.453822705231391589e-31 4.952639444319904703e-31 4.342392974031949615e-31 3.573665979863207980e-31 2.677343972014129428e-31 1.785015629367432367e-31 1.031407843258500609e-31 5.093409935843638189e-32 2.158906973829049349e-32 8.035290473843535581e-33 2.636007262450436451e-33
8.395287422905177153e-26 3.766907817183113073e-26 1.792035502869270768e-26 8.043128645082957815e-27 3.251629454616307130e-27 1.205532514811065488e-27 4.117575261125749726e-28 1.287580427262704023e-28 3.699128141803527637e-29 9.723017480623028211e-30 2.324110310117273857e-30 4.970955083936758708e-31 8.845711800940667445e-26 4.021531289379209992e-26 1.942291702206037926e-26 8.874789296789217340e-27 3.671856217745496888e-27 1.400195461569337100e-27 4.944103593667227381e-28 1.605451574121594977e-28 4.803845430104082208e-29 1.319393515629261855e-29 3.307014696655054950e-30 7.428439604899326690e-31 8.949841062699232192e-26 4.082667135051070159e-26 1.979156460875167755e-26 9.082827535148106557e-27 3.779754939942603731e-27 1.451927864097870470e-27 5.174204461053611621e-28 1.698898292397478351e-28 5.148559640299103072e-29 1.434026151006168780e-29 3.650145772607634754e-30 8.344203097537592566e-31 9.099319455159114012e-26 4.169687186738474814e-26 2.031280984078432270e-26 9.375046827305948362e-27 3.930179905900834354e-27 1.523526087087902245e-27 5.489496646783826728e-28 1.825741651599434558e-28 5.612276628091729616e-29 1.587025394101714296e-29 4.105323237864162891e-30 9.549770372157228364e-31 9.154558639089593213e-26 4.201318626182183955e-26 2.050038329760170798e-26 9.479497337685644425e-27 3.983697765934741289e-27 1.548900683448949088e-27 5.601479407649146371e-28 1.870896167368252409e-28 5.778319565123651296e-29 1.642320016969059885e-29 4.271446878518478536e-30 9.993437794087316586e-31
3.766907817183129718e-26 2.018129049003133192e-26 1.061366372300577435e-26 5.130142344703444997e-27 2.231479585454118926e-27 8.757950850854831986e-28 3.142738438103241821e-28 1.023391459784360602e-28 3.035114530384760508e-29 8.174492114538789192e-30 1.986623935618675502e-30 4.305991383425139801e-31 4.021531289379209992e-26 2.184263135467972940e-26 1.167420216989146401e-26 5.755239050559424314e-27 2.565638154667758517e-27 1.036499407558193716e-27 3.844432465225003337e-28 1.298690142793265951e-28 4.005821576748297363e-29 1.125784070033207951e-29 2.866654248667828364e-30 6.519719608674544643e-31 4.082667135051080491e-26 2.225073106726395804e-26 1.193864358243925941e-26 5.913600341217758207e-27 2.652292097724949955e-27 1.079614516573278125e-27 4.041512324221274215e-28 1.380364608812335151e-28 4.311342937577097762e-29 1.228399070755324324e-29 3.176051591787940335e-30 7.349497504669622801e-31 4.169687186738532785e-26 2.282797472227071236e-26 1.231059688044755501e-26 6.135131353180918996e-27 2.772789259794147882e-27 1.139135620202459222e-27 4.311060594056503218e-28 1.491024427413236926e-28 4.721764604287150195e-29 1.365181935835122530e-29 3.585803967688554691e-30 8.440908003377969442e-31 4.201318626182147795e-26 2.303576739994716515e-26 1.244361742686889349e-26 6.213960320820348976e-27 2.815508938381921142e-27 1.160198699659790971e-27 4.406700177721096211e-28 1.530431490394916741e-28 4.868789608212003237e-29 1.414644871791582392e-29 3.735473290036767297e-30 8.842897039982836040e-31
1.792035502869281386e-26 1.061366372300580735e-26 6.192986569180746801e-27 3.262191185807172589e-27 1.520286105241980040e-27 6.342547384929147226e-28 2.402234777039418315e-28 8.202905368874698381e-29 2.531796348921827194e-29 7.041259556733699199e-30 1.752959786482263036e-30 3.867317191825121613e-31 1.942291702206037926e-26 1.167420216989146401e-26 6.933677105872032684e-27 3.733541383940637612e-27 1.787570980538847618e-27 7.690761847421792321e-28 3.012597814709264133e-28 1.066399461196493007e-28 3.417778286783336587e-29 9.901617197711973249e-30 2.579495480996332679e-30 5.966503595590682399e-31 1.979156460875183826e-26 1.193864358243929241e-26 7.120729952687923442e-27 3.854381773305467630e-27 1.857686353454027238e-27 8.057000494107156118e-28 3.186240212548985028e-28 1.140433991125076050e-28 3.700466908983521005e-29 1.086527984971571166e-29 2.873374128813161284e-30 6.760876091501001508e-31 2.031280984078481058e-26 1.231059688044771572e-26 7.382616263158385465e-27 4.022808738995969967e-27 1.954927621552793913e-27 8.561175836796841823e-28 3.423190168466117285e-28 1.240494204547995261e-28 4.079289985987442554e-29 1.214763717846941419e-29 3.261778416739630150e-30 7.804597342133611339e-31 2.050038329760140378e-26 1.244361742686880022e-26 7.475809106933110957e-27 4.082516669091732572e-27 1.989305823938117366e-27 8.739436677738963002e-28 3.507220721738911620e-28 1.276162613550033692e-28 4.215262414543732783e-29 1.261192591755645892e-29 3.403802677211980292e-30 8.189526784538377201e-31
8.043128645082936291e-27 5.130142344703461499e-27 3.262191185807196983e-27 1.884951501191893449e-27 9.550253241219811843e-28 4.251130295679377229e-28 1.702557391279919356e-28 6.122826760776447728e-29 1.980656384729849158e-29 5.737138882505221187e-30 1.475839051820401429e-30 3.337781924378409150e-31 8.874789296789217340e-27 5.755239050559424314e-27 3.733541383940637612e-27 2.210285435886555678e-27 1.153869654743038693e-27 5.315700357511110754e-28 2.206619553173092427e-28 8.227093455574581012e-29 2.759261228978552569e-29 8.308108532647450719e-30 2.232861312757460037e-30 5.289083282000489930e-31 9.082827535148192653e-27 5.913600341217761077e-27 3.854381773305440366e-27 2.294984054854365874e-27 1.206901294478788845e-27 5.610111777181595188e-28 2.352900276686153843e-28 8.873870165653111649e-29 3.013199672882850048e-29 9.192097602408675585e-30 2.506910022566831447e-30 6.039383178577941971e-31 9.375046827305994279e-27 6.135131353180911821e-27 4.022808738995928354e-27 2.412580085052140650e-27 1.280157725957636884e-27 6.013889196848407093e-28 2.551763042142311081e-28 9.744782463369678464e-29 3.352014878849026560e-29 1.036503699688852306e-29 2.868448785763608883e-30 7.023952759991578179e-31 9.479497337685595637e-27 6.213960320820351846e-27 4.082516669091767010e-27 2.454154683950402074e-27 1.306021628776838989e-27 6.156607401334404576e-28 2.622329153486101432e-28 1.005569071661009894e-28 3.474115256889564482e-29 1.079073354290574325e-29 3.000869282645311980e-30 7.387733260458346011e-31
3.251629454616329371e-27 2.231479585454136863e-27 1.520286105241989905e-27 9.550253241219946368e-28 5.320842481997230425e-28 2.563117226455029186e-28 1.088864281518675527e-28 4.128113605761319676e-29 1.406245116225727528e-29 4.277181118103160840e-30 1.147904890556001474e-30 2.685699983931220159e-31 3.671856217745496888e-27 2.565638154667758517e-27 1.787570980538847618e-27 1.153869654743038693e-27 6.644492435640660269e-28 3.327515686877730191e-28 1.472134586169841109e-28 5.798029095542591544e-29 2.045498909748960542e-29 6.451314431867580018e-30 1.805409938569005592e-30 4.418567958735661798e-31 3.779754939942631713e-27 2.652292097724983317e-27 1.857686353454050914e-27 1.206901294478792432e-27 7.006599718268764197e-28 3.544676335187403754e-28 1.586728056162141904e-28 6.328490904504873366e-29 2.261215527391692398e-29 7.223849531484032026e-30 2.050514286661778100e-30 5.103382277699382578e-31 3.930179905900716690e-27 2.772789259794082593e-27 1.954927621552772748e-27 1.280157725957635628e-27 7.504091541141258295e-28 3.840951053325693555e-28 1.741664909201403373e-28 7.038797202175870370e-29 2.547693869480359783e-29 8.244286068348071140e-30 2.372871214170838274e-30 5.999003981287225555e-31 3.983697765934722635e-27 2.815508938381922218e-27 1.989305823938128486e-27 1.306021628776848496e-27 7.679718894261468950e-28 3.945749895693969168e-28 1.796734036185949715e-28 7.293071911632648989e-29 2.651195831982010664e-29 8.616127627380318486e-30 2.491325138204490718e-30 6.331166574685072532e-31
1.205532514811061183e-27 8.757950850854794319e-28 6.342547384929130187e-28 4.251130295679375435e-28 2.563117226455023357e-28 1.350940155552146536e-28 6.163968145679846705e-29 2.461973782558071694e-29 8.819955159362245796e-30 2.829405483827600571e-30 7.987014147971900130e-31 1.950577547759051355e-31 1.400195461569337100e-27 1.036499407558193716e-27 7.690761847421792321e-28 5.315700357511110754e-28 3.327515686877730191e-28 1.831712186579097388e-28 8.759704572461528424e-29 3.655305097958017260e-29 1.357083506091059553e-29 4.502079006266397830e-30 1.322258187929727104e-30 3.373972659025112239e-31 1.451927864097876568e-27 1.079614516573280815e-27 8.057000494107179435e-28 5.610111777181597879e-28 3.544676335187382679e-28 1.973770860485245723e-28 9.569188517597167298e-29 4.052536244423674706e-29 1.525744149585479408e-29 5.126988031362489770e-30 1.526488840405983554e-30 3.960789072692935080e-31 1.523526087087893636e-27 1.139135620202456711e-27 8.561175836796883077e-28 6.013889196848469872e-28 3.840951053325685932e-28 2.166224691687952671e-28 1.065593576029519567e-28 4.580583915739797408e-29 1.748084572311269727e-29 5.947199288450838075e-30 1.793822797705699545e-30 4.724870815494772586e-31 1.548900683448949806e-27 1.160198699659785410e-27 8.739436677738893049e-28 6.156607401334380362e-28 3.945749895693953025e-28 2.234495255175531337e-28 1.104357197912394063e-28 4.770509001955434679e-29 1.828903063263352197e-29 6.248055197012932144e-30 1.892695888764909024e-30 5.010013604416701093e-31
4.117575261125756901e-28 3.142738438103240475e-28 2.402234777039403965e-28 1.702557391279904782e-28 1.088864281518674182e-28 6.163968145679820921e-29 3.048872427748125995e-29 1.293745115480763974e-29 4.840576017595380726e-30 1.631479799384718301e-30 4.863176142938728780e-31 1.248409242633612171e-31 4.944103593667227381e-28 3.844432465225003337e-28 3.012597814709264133e-28 2.206619553173092427e-28 1.472134586169841109e-28 8.759704572461528424e-29 4.571204875169329438e-29 2.043822401045625219e-29 7.966151293995602257e-30 2.771610686469420158e-30 8.573346277250307848e-31 2.297988461040819178e-31 5.174204461053599065e-28 4.041512324221293048e-28 3.186240212549005655e-28 2.352900276686142632e-28 1.586728056162135626e-28 9.569188517597169540e-29 5.073460745011321452e-29 2.309288223799753155e-29 9.154400931732435555e-30 3.228927725294430231e-30 1.012022159299416794e-30 2.758113538622980127e-31 5.489496646783830315e-28 4.311060594056493353e-28 3.423190168466095761e-28 2.551763042142298974e-28 1.741664909201396871e-28 1.065593576029510823e-28 5.741716365913143125e-29 2.659081098039465055e-29 1.070746244432184311e-29 3.824415895733612305e-30 1.213204723536899500e-30 3.354273806453024212e-31 5.601479407649128434e-28 4.406700177721101592e-28 3.507220721738907136e-28 2.622329153486081702e-28 1.796734036185950388e-28 1.104357197912390699e-28 5.981745692640533990e-29 2.785834548277668803e-29 1.127651910999399249e-29 4.044992378126929675e-30 1.288334117238802864e-30 3.578851632771603355e-31
1.287580427262713664e-28 1.023391459784361723e-28 8.202905368874646813e-29 6.122826760776438760e-29 4.128113605761332007e-29 2.461973782558077299e-29 1.293745115480764534e-29 5.887634966012064793e-30 2.309080690434015199e-30 8.074404602357758997e-31 2.531407829221795392e-31 6.852401840172146885e-32 1.605451574121594977e-28 1.298690142793265951e-28 1.066399461196493007e-28 8.227093455574581012e-29 5.798029095542591544e-29 3.655305097958017260e-29 2.043822401045625219e-29 9.884933179058546867e-30 4.077471089199100274e-30 1.475408180716139681e-30 4.786272450152725432e-31 1.353249429271973518e-31 1.698898292397492925e-28 1.380364608812350621e-28 1.140433991125083673e-28 8.873870165653018603e-29 6.328490904504844219e-29 4.052536244423679191e-29 2.309288223799754276e-29 1.141021187524742004e-29 4.808721589101339727e-30 1.769413866377874512e-30 5.815183980077814453e-31 1.671617656096585624e-31 1.825741651599448010e-28 1.491024427413244549e-28 1.240494204547995933e-28 9.744782463369648196e-29 7.038797202175877097e-29 4.580583915739772185e-29 2.659081098039464494e-29 1.340111431848739184e-29 5.755872602232214969e-30 2.149073109480217049e-30 7.144568901593768342e-31 2.082086065127635109e-31 1.870896167368252409e-28 1.530431490394913154e-28 1.276162613550030104e-28 1.005569071661008773e-28 7.293071911632660199e-29 4.770509001955439163e-29 2.785834548277655350e-29 1.412993335093468411e-29 6.107080021248773205e-30 2.291624728496997198e-30 7.648449703567025531e-31 2.238951729025366435e-31
3.699128141803500732e-29 3.035114530384744814e-29 2.531796348921826633e-29 1.980656384729851680e-29 1.406245116225727247e-29 8.819955159362202356e-30 4.840576017595358305e-30 2.309080690434020804e-30 9.580920159412750162e-31 3.463679861855774840e-31 1.122680476706560729e-31 3.190218025296105191e-32 4.803845430104082208e-29 4.005821576748297363e-29 3.417778286783336587e-29 2.759261228978552569e-29 2.045498909748960542e-29 1.357083506091059553e-29 7.966151293995602257e-30 4.077471089199100274e-30 1.795698513876759445e-30 6.768981515805454786e-31 2.268149797416031915e-31 6.735169167250418665e-32 5.148559640299079530e-29 4.311342937577100004e-29 3.700466908983532776e-29 3.013199672882869666e-29 2.261215527391708653e-29 1.525744149585481650e-29 9.154400931732424344e-30 4.808721589101317306e-30 2.174665438424115137e-30 8.382773075609472428e-31 2.851071993704413399e-31 8.605758266897324779e-32 5.612276628091684775e-29 4.721764604287108717e-29 4.079289985987407802e-29 3.352014878849005261e-29 2.547693869480355859e-29 1.748084572311279256e-29 1.070746244432180668e-29 5.755872602232220574e-30 2.662041423904418234e-30 1.045397931654952363e-30 3.601055094106546171e-31 1.101205642514845407e-31 5.778319565123703985e-29 4.868789608212013327e-29 4.215262414543691304e-29 3.474115256889539259e-29 2.651195831982007861e-29 1.828903063263364248e-29 1.127651910999400790e-29 6.107080021248765498e-30 2.845401998049198698e-30 1.124554477608425801e-30 3.891125834571041309e-31 1.195025234105445660e-31
9.723017480623038020e-30 8.174492114538804607e-30 7.041259556733690792e-30 5.737138882505193862e-30 4.277181118103157337e-30 2.829405483827610731e-30 1.631479799384722855e-30 8.074404602357755494e-31 3.463679861855769585e-31 1.308827551881970792e-31 4.344634050103024492e-32 1.274081751807291770e-32 1.319393515629261855e-29 1.125784070033207951e-29 9.901617197711973249e-30 8.308108532647450719e-30 6.451314431867580018e-30 4.502079006266397830e-30 2.771610686469420158e-30 1.475408180716139681e-30 6.768981515805454786e-31 2.682340322454386631e-31 9.225635002120977067e-32 2.823133485792760211e-32 1.434026151006151404e-29 1.228399070755314795e-29 1.086527984971570326e-29 9.192097602408629342e-30 7.223849531483946547e-30 5.126988031362540216e-30 3.228927725294424625e-30 1.769413866377886774e-30 8.382773075609465422e-31 3.416640343954099902e-31 1.198542079407935996e-31 3.729949896993023686e-32 1.587025394101714856e-29 1.365181935835121969e-29 1.214763717846939037e-29 1.036503699688853287e-29 8.244286068348062733e-30 5.947199288450844381e-30 3.824415895733616509e-30 2.149073109480217750e-30 1.045397931654952713e-30 4.358535499725197697e-31 1.554204782574611637e-31 4.901271865549492256e-32 1.642320016969067452e-29 1.414644871791587998e-29 1.261192591755645752e-29 1.079073354290570542e-29 8.616127627380244217e-30 6.248055197012929341e-30 4.044992378126918465e-30 2.291624728497004554e-30 1.124554477608428954e-30 4.725349291838107226e-31 1.695021639371628670e-31 5.369793391386073211e-32
2.324110310117302584e-30 1.986623935618692318e-30 1.752959786482266890e-30 1.475839051820398101e-30 1.147904890556002174e-30 7.987014147971931660e-31 4.863176142938721773e-31 2.531407829221781379e-31 1.122680476706557226e-31 4.344634050103020661e-32 1.499818754041918598e-32 4.494169937858829817e-33 3.307014696655054950e-30 2.866654248667828364e-30 2.579495480996332679e-30 2.232861312757460037e-30 1.805409938569005592e-30 1.322258187929727104e-30 8.573346277250307848e-31 4.786272450152725432e-31 2.268149797416031915e-31 9.225635002120977067e-32 3.296760286977349996e-32 1.027438754932223670e-32 3.650145772607653672e-30 3.176051591787934029e-30 2.873374128813137112e-30 2.506910022566829345e-30 2.050514286661790011e-30 1.526488840405986181e-30 1.012022159299419772e-30 5.815183980077803944e-31 2.851071993704416903e-31 1.198542079407939718e-31 4.385530527134022738e-32 1.392634277411720514e-32 4.105323237864188815e-30 3.585803967688567303e-30 3.261778416739632953e-30 2.868448785763614489e-30 2.372871214170827764e-30 1.793822797705692889e-30 1.213204723536900551e-30 7.144568901593755205e-31 3.601055094106547484e-31 1.554204782574614921e-31 5.799380051110890831e-32 1.869606412791718674e-32 4.271446878518461720e-30 3.735473290036749081e-30 3.403802677211978190e-30 3.000869282645343159e-30 2.491325138204495273e-30 1.892695888764906922e-30 1.288334117238792704e-30 7.648449703567034290e-31 3.891125834571039120e-31 1.695021639371628451e-31 6.371532367373804417e-32 2.065672248007856200e-32
4.970955083936766590e-31 4.305991383425144180e-31 3.867317191825126430e-31 3.337781924378413967e-31 2.685699983931216218e-31 1.950577547759048071e-31 1.248409242633615017e-31 6.852401840172152359e-32 3.190218025296108475e-32 1.274081751807289033e-32 4.494169937858834607e-33 1.403676005187676717e-33 7.428439604899326690e-31 6.519719608674544643e-31 5.966503595590682399e-31 5.289083282000489930e-31 4.418567958735661798e-31 3.373972659025112239e-31 2.297988461040819178e-31 1.353249429271973518e-31 6.735169167250418665e-32 2.823133485792760211e-32 1.027438754932223670e-32 3.322097183652042907e-33 8.344203097537557534e-31 7.349497504669626305e-31 6.760876091501018149e-31 6.039383178577909566e-31 5.103382277699388709e-31 3.960789072692927197e-31 2.758113538622984068e-31 1.671617656096589565e-31 8.605758266897340106e-32 3.729949896993033539e-32 1.392634277411719693e-32 4.588318376132319077e-33 9.549770372157265148e-31 8.440908003378041259e-31 7.804597342133682279e-31 7.023952759991555408e-31 5.999003981287190523e-31 4.724870815494757697e-31 3.354273806453020708e-31 2.082086065127637298e-31 1.101205642514845626e-31 4.901271865549487877e-32 1.869606412791715116e-32 6.257843309777411756e-33 9.993437794087302573e-31 8.842897039982808014e-31 8.189526784538399972e-31 7.387733260458377540e-31 6.331166574685082166e-31 5.010013604416729995e-31 3.578851632771607296e-31 2.238951729025367311e-31 1.195025234105445003e-31 5.369793391386075400e-32 2.065672248007853463e-32 6.958677502310111547e-33
8.490075376318929911e-26 3.821497415730161083e-26 1.824098100297185169e-26 8.217736073708041972e-27 3.337999083082984088e-27 1.244584799838714991e-27 4.279426214256616404e-28 1.348520817884506177e-28 3.907980845359977998e-29 1.037156930997904894e-29 2.505895314138704484e-30 5.422447831049925337e-31 8.949841062699232192e-26 4.082667135051080491e-26 1.979156460875183826e-26 9.082827535148192653e-27 3.779754939942631713e-27 1.451927864097876568e-27 5.174204461053599065e-28 1.698898292397492925e-28 5.148559640299079530e-29 1.434026151006151404e-29 3.650145772607653672e-30 8.344203097537557534e-31 9.056234734063774019e-26 4.145564985604691652e-26 2.017365556710803434e-26 9.300440018223108138e-27 3.894101500826619490e-27 1.507808359185394159e-27 5.428874837655765111e-28 1.805807229286398526e-28 5.558123636538996834e-29 1.575445423817124755e-29 4.088524208815594242e-30 9.555674011274533567e-31 9.209053289161324788e-26 4.235010540774435362e-26 2.071313107186438036e-26 9.605712398327413539e-27 4.053322891182987861e-27 1.584969377746123090e-27 5.776962547804741300e-28 1.950296243690259739e-28 6.106457002478912077e-29 1.763720613416858274e-29 4.669886614673291341e-30 1.115506313460200218e-30 9.265497185803721678e-26 4.267512260250229044e-26 2.090722907393636077e-26 9.714836580010217239e-27 4.110003784748993610e-27 1.612363083078108843e-27 5.901039071127247813e-28 2.002098392540603399e-28 6.305210040034920211e-29 1.833174608386075899e-29 4.887530134765808966e-30 1.176350492285457482e-30
3.821497415730157065e-26 2.053878019492194011e-26 1.083937875673170582e-26 5.260626549259636531e-27 2.299622731070965127e-27 9.077704909545859011e-28 3.279096940030289174e-28 1.075855057872493495e-28 3.217760057812579383e-29 8.748828639860029267e-30 2.149042302433140562e-30 4.712220671970965783e-31 4.082667135051070159e-26 2.225073106726395804e-26 1.193864358243929241e-26 5.913600341217761077e-27 2.652292097724983317e-27 1.079614516573280815e-27 4.041512324221293048e-28 1.380364608812350621e-28 4.311342937577100004e-29 1.228399070755314795e-29 3.176051591787934029e-30 7.349497504669626305e-31 4.145564985604691652e-26 2.267284598437155774e-26 1.221396296078557243e-26 6.080008752402596491e-27 2.744592465193848708e-27 1.126411549841050830e-27 4.260749530771177403e-28 1.474239137231281082e-28 4.675923500977416050e-29 1.355491664009210860e-29 3.572508524245371354e-30 8.449881059588238572e-31 4.235010540774395184e-26 2.326916798635821053e-26 1.260076542985737253e-26 6.312531375642274031e-27 2.872737600137906340e-27 1.190862141559055581e-27 4.559738038375872460e-28 1.600872858223684181e-28 5.163264630056558897e-29 1.524467308891508118e-29 4.097798391317720018e-30 9.902567338560143378e-31 4.267512260250207807e-26 2.348378859256518583e-26 1.273909574892305807e-26 6.395295962016649914e-27 2.918208950284916430e-27 1.213716301163472808e-27 4.666216286073959996e-28 1.646302627269898092e-28 5.340337812665336125e-29 1.586862149990806070e-29 4.294757567894893088e-30 1.045553148729935150e-30
