# Created by Tilman Tröster (tilman@troester.space) on 2021-07-28 20:23:40 using covariance_NG.py
# Covariance HMx TETE SSC, mask. Mask power file: ../data/xcorr/cov/W_l/shear_KiDS1000_cel_ACT_BN_Planck_gal40_ps_binary.txt
1.560088282027955981e-27 6.721422745214386963e-28 3.669336895201067035e-28 1.970602314334715480e-28 9.843199256233879987e-29 4.917791378905795549e-29 2.456936071065663985e-29 1.235190060392628452e-29 6.283320244429632602e-30 3.240683889319472227e-30 1.683176654210206500e-30 8.655556468770596817e-31 1.623569423562073403e-27 7.047555252232865052e-28 3.883650316580513458e-28 2.107802551933285902e-28 1.065635688176828074e-28 5.383760405342558820e-29 2.710690363440274776e-29 1.366156995973657507e-29 6.928600085959886987e-30 3.549532731388610503e-30 1.829874697217051360e-30 9.354734383596538916e-31 1.637117004914286983e-27 7.120846396596201947e-28 3.933696495790073535e-28 2.140706261312549064e-28 1.085585591580955301e-28 5.500557363004252508e-29 2.775732567138480520e-29 1.400500378476231944e-29 7.101130373525607247e-30 3.632923676845148917e-30 1.869322689567314204e-30 9.539844562940612180e-31 1.657049116103595929e-27 7.227063423846517907e-28 4.005423297485593724e-28 2.187491635658473403e-28 1.113762608531079805e-28 5.664586737844828282e-29 2.866610590295408324e-29 1.448269967319205240e-29 7.340360618977482915e-30 3.748486307299779506e-30 1.924122215601302517e-30 9.798100760681147034e-31 1.664566178974575747e-27 7.266536128735693551e-28 4.031748672670145937e-28 2.204499174519158672e-28 1.123929605523165708e-28 5.723515733829613307e-29 2.899219699633127454e-29 1.465439871207466519e-29 7.426696234820660974e-30 3.790413932626396450e-30 1.944103619222263097e-30 9.892566560851371401e-31
6.721422745214386963e-28 3.048989618584178738e-28 1.746726202736597522e-28 9.715556228496558872e-29 4.966735081798242692e-29 2.499721101636632521e-29 1.239533171989548475e-29 6.122333466755593250e-30 3.049806605667315307e-30 1.545273383564641796e-30 7.937912896018350651e-31 4.062929583600804810e-31 7.047555252232787028e-28 3.224381089277302758e-28 1.866982023632475303e-28 1.050943470295764467e-28 5.446773876078060992e-29 2.777468364823689737e-29 1.390889288581944866e-29 6.899363009515629688e-30 3.429357114140971026e-30 1.725173943307663032e-30 8.785234013042176803e-31 4.464766271585517746e-31 7.120846396596221677e-28 3.265311751558322523e-28 1.895853401495195018e-28 1.070391900623460515e-28 5.566546627283756858e-29 2.848109466453422984e-29 1.430224017874664759e-29 7.106012756751462366e-30 3.532404566745947200e-30 1.774603465540942804e-30 9.017697628863573075e-31 4.573550748979455458e-31 7.227063423846543018e-28 3.323985449494588069e-28 1.936902950242726210e-28 1.097878777152912481e-28 5.734934945867151143e-29 2.946950144434782401e-29 1.485005935916076287e-29 7.392559124062255509e-30 3.674816091789543611e-30 1.842839632287139234e-30 9.339162825521993013e-31 4.724528317119320170e-31 7.266536128735676511e-28 3.345541240978731997e-28 1.951834533369003987e-28 1.107799306429684227e-28 5.795342515711763846e-29 2.982284043155928335e-29 1.504572902720099051e-29 7.495077037467496781e-30 3.725956166457887275e-30 1.867461613127502974e-30 9.455676982355485499e-31 4.779395286136214976e-31
3.669336895201067035e-28 1.746726202736597522e-28 1.062988278674612424e-28 6.205381079023982273e-29 3.279693085983934076e-29 1.677322475483147760e-29 8.293984573960908277e-30 4.028473674131721212e-30 1.961161774229443607e-30 9.728138698977021615e-31 4.927786157195860206e-31 2.506755065319679716e-31 3.883650316580434088e-28 1.866982023632451986e-28 1.149685796759771808e-28 6.800086783378928977e-29 3.648051027263948191e-29 1.892946025350291370e-29 9.468966198448046079e-30 4.627284279648667276e-30 2.250590110330384877e-30 1.108536034192203678e-30 5.561705875745708532e-31 2.806147425590370562e-31 3.933696495790057841e-28 1.895853401495188740e-28 1.170916621714980304e-28 6.947812617173994933e-29 3.740836163787733452e-29 1.948145401552913287e-29 9.775732760515366006e-30 4.787104690748027597e-30 2.329442318114015334e-30 1.145995888720835380e-30 5.736757247671588483e-31 2.887903693833470814e-31 4.005423297485586997e-28 1.936902950242732264e-28 1.200926924871231399e-28 7.155708758128072907e-29 3.870876028400713518e-29 2.025194249150591941e-29 1.020211023870254433e-29 5.008306050233378031e-30 2.438208566836419918e-30 1.197595301672202328e-30 5.978191804574441326e-31 3.001017466141730721e-31 4.031748672670121275e-28 1.951834533368993674e-28 1.211757663110134484e-28 7.230270337941286236e-29 3.917286648300296277e-29 2.052614085019322914e-29 1.035374691470155978e-29 5.087089934177105396e-30 2.477074895940288549e-30 1.216113321255757045e-30 6.065184931162194878e-31 3.041867950895838277e-31
1.970602314334715480e-28 9.715556228496558872e-29 6.205381079023982273e-29 3.789316090084895834e-29 2.079663977228212373e-29 1.090467725305901657e-29 5.439202145844058930e-30 2.625988291761309864e-30 1.257263530490746022e-30 6.107497714060358691e-31 3.040346781410236394e-31 1.531937953495872479e-31 2.107802551933263481e-28 1.050943470295758637e-28 6.800086783378939066e-29 4.212642328929475489e-29 2.350411353555998380e-29 1.252683988583912988e-29 6.334251870857429491e-30 3.083525229488581577e-30 1.477482919821899655e-30 7.130684223798326530e-31 3.512824748122232230e-31 1.752976876740921691e-31 2.140706261312474627e-28 1.070391900623432265e-28 6.947812617173894040e-29 4.318912762590825797e-29 2.419174522518295894e-29 1.294494493157270996e-29 6.569328228634055360e-30 3.206315838183892227e-30 1.537815363531864481e-30 7.414901216910149482e-31 3.644337356628730956e-31 1.813913646945283771e-31 2.187491635658435288e-28 1.097878777152919207e-28 7.155708758128258999e-29 4.467961122231749174e-29 2.515285925152291399e-29 1.352720321768885875e-29 6.895381309069392723e-30 3.375923855682305911e-30 1.620861920329760471e-30 7.805474088052433818e-31 3.825219493276884032e-31 1.897956873169466845e-31 2.204499174519176609e-28 1.107799306429691178e-28 7.230270337941299689e-29 4.521144559112784836e-29 2.549442357887038416e-29 1.373364624366955412e-29 7.010932767885544240e-30 3.436115328330561723e-30 1.650421119376939867e-30 7.945025502645872025e-31 3.890077933248961978e-31 1.928151935948358255e-31
9.843199256233879987e-29 4.966735081798242692e-29 3.279693085983934076e-29 2.079663977228212373e-29 1.186777315237776000e-29 6.424983634972570211e-30 3.266978484510095293e-30 1.584846501761006843e-30 7.523654085065778868e-31 3.589669735706128702e-31 1.751762384848169304e-31 8.705267186274954877e-32 1.065635688176834127e-28 5.446773876078111438e-29 3.648051027263982943e-29 2.350411353555995858e-29 1.366465903851086202e-29 7.538200500054291117e-30 3.896874637566267541e-30 1.911599766734941937e-30 9.102904701585728316e-31 4.319504108568461005e-31 2.084530457104108073e-31 1.023916659518230529e-31 1.085585591580939831e-28 5.566546627283679507e-29 3.740836163787686929e-29 2.419174522518274033e-29 1.412599207582085781e-29 7.828224133730260621e-30 4.064166977256834943e-30 2.000339838605079927e-30 9.541152508322106020e-31 4.525115006626299276e-31 2.178622758017111747e-31 1.066928487326668448e-31 1.113762608531099311e-28 5.734934945867222890e-29 3.870876028400733136e-29 2.515285925152298125e-29 1.476885706307176248e-29 8.230975707494949215e-30 4.295559895155306404e-30 2.122565050263534236e-30 1.014254996850999401e-30 4.806706419702641290e-31 2.307538892498792874e-31 1.125999587791190637e-31 1.123929605523178264e-28 5.795342515711912944e-29 3.917286648300398852e-29 2.549442357887007027e-29 1.499657294411084544e-29 8.373381496449468839e-30 4.377364549809444879e-30 2.165839394007622805e-30 1.035607799609609171e-30 4.907037268680294915e-31 2.353618220703309402e-31 1.147150629672963103e-31
4.917791378905795549e-29 2.499721101636632521e-29 1.677322475483147760e-29 1.090467725305901657e-29 6.424983634972570211e-30 3.589336839802884187e-30 1.869428681874842962e-30 9.180453819576248727e-31 4.357513337101150767e-31 2.056866652344398860e-31 9.870399872445981720e-32 4.830740903465585470e-32 5.383760405342593572e-29 2.777468364823719444e-29 1.892946025350314912e-29 1.252683988583920555e-29 7.538200500054298124e-30 4.303760757538129946e-30 2.286524303775529997e-30 1.139297455301969375e-30 5.439008359216980297e-31 2.556876662161847644e-31 1.212861725812460295e-31 5.855291486744238631e-32 5.500557363004316407e-29 2.848109466453441481e-29 1.948145401552916650e-29 1.294494493157278843e-29 7.828224133730224187e-30 4.492747380223791312e-30 2.399145671651897060e-30 1.200499694395113535e-30 5.745354307657329605e-31 2.700975701054183779e-31 1.278311730418222856e-31 6.150096616576129283e-32 5.664586737844902271e-29 2.946950144434795293e-29 2.025194249150586616e-29 1.352720321768887276e-29 8.230975707495160811e-30 4.754285898136559672e-30 2.554359941048313750e-30 1.284469322011346921e-30 6.163962636451708426e-31 2.897406551926521938e-31 1.367532304936107225e-31 6.552882437175704429e-32 5.723515733829589765e-29 2.982284043155918806e-29 2.052614085019328800e-29 1.373364624366966903e-29 8.373381496449365143e-30 4.846634299977816763e-30 2.609176184509593021e-30 1.314175663107626315e-30 6.312493573707388092e-31 2.967348594282127110e-31 1.399398736919879231e-31 6.696982295703215429e-32
2.456936071065663985e-29 1.239533171989548475e-29 8.293984573960908277e-30 5.439202145844058930e-30 3.266978484510095293e-30 1.869428681874842962e-30 9.967442430063355484e-31 4.976989290688974001e-31 2.378094948036281181e-31 1.119082272204439611e-31 5.314450887565625554e-32 2.567554581810443977e-32 2.710690363440291031e-29 1.390889288581942904e-29 9.468966198447984422e-30 6.334251870857451912e-30 3.896874637566245820e-30 2.286524303775515283e-30 1.248344315593986083e-30 6.348771166117629120e-31 3.060403717669351033e-31 1.436432881706867967e-31 6.740857818510107681e-32 3.205835853785632647e-32 2.775732567138481641e-29 1.430224017874667281e-29 9.775732760515429065e-30 6.569328228634065169e-30 4.064166977256780993e-30 2.399145671651908972e-30 1.317840525753133577e-30 6.738146134253906649e-31 3.259406329011933179e-31 1.530942122344617466e-31 7.169237617320026547e-32 3.396467683142368818e-32 2.866610590295430745e-29 1.485005935916091701e-29 1.020211023870262000e-29 6.895381309069377308e-30 4.295559895155307806e-30 2.554359941048320056e-30 1.413195319750961664e-30 7.269757104034027325e-31 3.529955242748739959e-31 1.659026059542612251e-31 7.749524669032066553e-32 3.655181970204957368e-32 2.899219699633148193e-29 1.504572902720101293e-29 1.035374691470147149e-29 7.010932767885469971e-30 4.377364549809432968e-30 2.609176184509613690e-30 1.446890667602338807e-30 7.458014740815155966e-31 3.626073805386662428e-31 1.704711600110420647e-31 7.957204000478455554e-32 3.747938136062421621e-32
1.235190060392628452e-29 6.122333466755593250e-30 4.028473674131721212e-30 2.625988291761309864e-30 1.584846501761006843e-30 9.180453819576248727e-31 4.976989290688974001e-31 2.524796488607381364e-31 1.218812757406924329e-31 5.752829982581221406e-32 2.722858573822140544e-32 1.305741002727167586e-32 1.366156995973652462e-29 6.899363009515619879e-30 4.627284279648678486e-30 3.083525229488560557e-30 1.911599766734942988e-30 1.139297455301979885e-30 6.348771166117638754e-31 3.293213404328456400e-31 1.608884023360260486e-31 7.585579155592671650e-32 3.546519373219836352e-32 1.670942048447232495e-32 1.400500378476237269e-29 7.106012756751432939e-30 4.787104690747964539e-30 3.206315838183892227e-30 2.000339838605073972e-30 1.200499694395110907e-30 6.738146134253897891e-31 3.518248128454004426e-31 1.726928247046668593e-31 8.154646781102984412e-32 3.805341794238025130e-32 1.785255746141723729e-32 1.448269967319192909e-29 7.392559124062214872e-30 5.008306050233371725e-30 3.375923855682306611e-30 2.122565050263536688e-30 1.284469322011357255e-30 7.269757104033955509e-31 3.823928300662345304e-31 1.886349910464755032e-31 8.920561151203787179e-32 4.153462151089202819e-32 1.939284672197113278e-32 1.465439871207454468e-29 7.495077037467486972e-30 5.087089934177127116e-30 3.436115328330530193e-30 2.165839394007601786e-30 1.314175663107624388e-30 7.458014740815163848e-31 3.932451347621711719e-31 1.943194162784200139e-31 9.194928240566612388e-32 4.278665991461689028e-32 1.994803398812646649e-32
6.283320244429632602e-30 3.049806605667315307e-30 1.961161774229443607e-30 1.257263530490746022e-30 7.523654085065778868e-31 4.357513337101150767e-31 2.378094948036281181e-31 1.218812757406924329e-31 5.942909394658637073e-32 2.824451424912178857e-32 1.340541032631046352e-32 6.421635357092977461e-33 6.928600085959870172e-30 3.429357114140978733e-30 2.250590110330393285e-30 1.477482919821897378e-30 9.102904701585779113e-31 5.439008359216990806e-31 3.060403717669360229e-31 1.608884023360268807e-31 7.959805744209052193e-32 3.783154579870947288e-32 1.772790033320322996e-32 8.330139325672768020e-33 7.101130373525559603e-30 3.532404566745934589e-30 2.329442318114022340e-30 1.537815363531873064e-30 9.541152508322099014e-31 5.745354307657323475e-31 3.259406329011925735e-31 1.726928247046667060e-31 8.594305503328245693e-32 4.094598576899769139e-32 1.915564977830580397e-32 8.959267821941120503e-33 7.340360618977327371e-30 3.674816091789516987e-30 2.438208566836441989e-30 1.620861920329768879e-30 1.014254996851001503e-30 6.163962636451643616e-31 3.529955242748729011e-31 1.886349910464767512e-31 9.446166055319060369e-32 4.511077877873844876e-32 2.106335394116052893e-32 9.801498498917415543e-33 7.426696234820658172e-30 3.725956166457899186e-30 2.477074895940304664e-30 1.650421119376940567e-30 1.035607799609600238e-30 6.312493573707392471e-31 3.626073805386659362e-31 1.943194162784192257e-31 9.751470756350438402e-32 4.661224476619923497e-32 2.175468943562110138e-32 1.010763231765459663e-32
3.240683889319472227e-30 1.545273383564641796e-30 9.728138698977021615e-31 6.107497714060358691e-31 3.589669735706128702e-31 2.056866652344398860e-31 1.119082272204439611e-31 5.752829982581221406e-32 2.824451424912178857e-32 1.353516799536291276e-32 6.470558842166385611e-33 3.113025633889255598e-33 3.549532731388642733e-30 1.725173943307679147e-30 1.108536034192208932e-30 7.130684223798320399e-31 4.319504108568454874e-31 2.556876662161861219e-31 1.436432881706864464e-31 7.585579155592630049e-32 3.783154579870943456e-32 1.813560183759588114e-32 8.554636672932065803e-33 4.033118290200963619e-33 3.632923676845134904e-30 1.774603465540934396e-30 1.145995888720830476e-30 7.414901216910131965e-31 4.525115006626293145e-31 2.700975701054171080e-31 1.530942122344617904e-31 8.154646781102971274e-32 4.094598576899784466e-32 1.968940072834667639e-32 9.274066569014848328e-33 4.350730241873063100e-33 3.748486307299839061e-30 1.842839632287142036e-30 1.197595301672184637e-30 7.805474088052400537e-31 4.806706419702644793e-31 2.897406551926519311e-31 1.659026059542611375e-31 8.920561151203816738e-32 4.511077877873853087e-32 2.175845327383238252e-32 1.023143916143792244e-32 4.774387128083271772e-33 3.790413932626411163e-30 1.867461613127492815e-30 1.216113321255741456e-30 7.945025502645912312e-31 4.907037268680303673e-31 2.967348594282122293e-31 1.704711600110412984e-31 9.194928240566629904e-32 4.661224476619925687e-32 2.251000528586382251e-32 1.058160868303643016e-32 4.930013835820527401e-33
1.683176654210206500e-30 7.937912896018350651e-31 4.927786157195860206e-31 3.040346781410236394e-31 1.751762384848169304e-31 9.870399872445981720e-32 5.314450887565625554e-32 2.722858573822140544e-32 1.340541032631046352e-32 6.470558842166385611e-33 3.121559387488842675e-33 1.513400048981225505e-33 1.829874697217069226e-30 8.785234013042253875e-31 5.561705875745707656e-31 3.512824748122224347e-31 2.084530457104095374e-31 1.212861725812456791e-31 6.740857818510095638e-32 3.546519373219827594e-32 1.772790033320321628e-32 8.554636672932075382e-33 4.069900734506120139e-33 1.933356301538512240e-33 1.869322689567300892e-30 9.017697628863545049e-31 5.736757247671615633e-31 3.644337356628751976e-31 2.178622758017120067e-31 1.278311730418220228e-31 7.169237617320006841e-32 3.805341794238028962e-32 1.915564977830581492e-32 9.274066569014844223e-33 4.405878818397467756e-33 2.082346806179198529e-33 1.924122215601305320e-30 9.339162825521994764e-31 5.978191804574419431e-31 3.825219493276883594e-31 2.307538892498788933e-31 1.367532304936101751e-31 7.749524669032075311e-32 4.153462151089215957e-32 2.106335394116052072e-32 1.023143916143793476e-32 4.852947348631367671e-33 2.281227075429875009e-33 1.944103619222272205e-30 9.455676982355483748e-31 6.065184931162172107e-31 3.890077933248954972e-31 2.353618220703311154e-31 1.399398736919875728e-31 7.957204000478471976e-32 4.278665991461696144e-32 2.175468943562112601e-32 1.058160868303639868e-32 5.017939272827239571e-33 2.355067502708991349e-33
8.655556468770596817e-31 4.062929583600804810e-31 2.506755065319679716e-31 1.531937953495872479e-31 8.705267186274954877e-32 4.830740903465585470e-32 2.567554581810443977e-32 1.305741002727167586e-32 6.421635357092977461e-33 3.113025633889255598e-33 1.513400048981225505e-33 7.396481379873008125e-34 9.354734383596549426e-31 4.464766271585520374e-31 2.806147425590368810e-31 1.752976876740924318e-31 1.023916659518230967e-31 5.855291486744247390e-32 3.205835853785632100e-32 1.670942048447235232e-32 8.330139325672748862e-33 4.033118290200973198e-33 1.933356301538511556e-33 9.265804696387812316e-34 9.539844562940627945e-31 4.573550748979450203e-31 2.887903693833459429e-31 1.813913646945282019e-31 1.066928487326669323e-31 6.150096616576142420e-32 3.396467683142362797e-32 1.785255746141728655e-32 8.959267821941128714e-33 4.350730241873061731e-33 2.082346806179198187e-33 9.929890400359384126e-34 9.798100760681154041e-31 4.724528317119317543e-31 3.001017466141726780e-31 1.897956873169471224e-31 1.125999587791194140e-31 6.552882437175697860e-32 3.655181970204954084e-32 1.939284672197108078e-32 9.801498498917412806e-33 4.774387128083271087e-33 2.281227075429873640e-33 1.081995691040058321e-33 9.892566560851360891e-31 4.779395286136239499e-31 3.041867950895870682e-31 1.928151935948362853e-31 1.147150629672958942e-31 6.696982295703223092e-32 3.747938136062422716e-32 1.994803398812646375e-32 1.010763231765459526e-32 4.930013835820530822e-33 2.355067502708991349e-33 1.115294939906626598e-33
1.623569423562073403e-27 7.047555252232787028e-28 3.883650316580434088e-28 2.107802551933263481e-28 1.065635688176834127e-28 5.383760405342593572e-29 2.710690363440291031e-29 1.366156995973652462e-29 6.928600085959870172e-30 3.549532731388642733e-30 1.829874697217069226e-30 9.354734383596549426e-31 1.694698916760910006e-27 7.418963552943190139e-28 4.132079068396371856e-28 2.270630986529331434e-28 1.165251094633520497e-28 5.976353511778566734e-29 3.046755539137928430e-29 1.546422633742232362e-29 7.842462918940481853e-30 3.991546773546159018e-30 2.037733581827244141e-30 1.032387450547900153e-30 1.710541982779894136e-27 7.505859347194098071e-28 4.192304589637579257e-28 2.311182077946419811e-28 1.190729808710061887e-28 6.132461869402776619e-29 3.138470133328264088e-29 1.597670899743907130e-29 8.113160241031257776e-30 4.126512441511278876e-30 2.101886537253024985e-30 1.061794696458875789e-30 1.733589610455676094e-27 7.630535486439336218e-28 4.277852743848688869e-28 2.368338651714840095e-28 1.226383853689299138e-28 6.349364939524583013e-29 3.264959040561331455e-29 1.667808987411244779e-29 8.481201329182962952e-30 4.309329182408550346e-30 2.188687140425949406e-30 1.101817762142451314e-30 1.742242619902581685e-27 7.676706355278607222e-28 4.309169133922609609e-28 2.389078920464037107e-28 1.239234570283812875e-28 6.427274936342260171e-29 3.310391028238417318e-29 1.693088919865636292e-29 8.614587503680260168e-30 4.376047812582007529e-30 2.220553065166770732e-30 1.116555669426988986e-30
7.047555252232865052e-28 3.224381089277302758e-28 1.866982023632451986e-28 1.050943470295758637e-28 5.446773876078111438e-29 2.777468364823719444e-29 1.390889288581942904e-29 6.899363009515619879e-30 3.429357114140978733e-30 1.725173943307679147e-30 8.785234013042253875e-31 4.464766271585520374e-31 7.418963552943190139e-28 3.426892013364093583e-28 2.007897609793648881e-28 1.145978989947534579e-28 6.038980805233636930e-29 3.132780816066311795e-29 1.592421920563750059e-29 7.974739500564165460e-30 3.970218951812841818e-30 1.984552498368230014e-30 9.998575273153095062e-31 5.026967211907041798e-31 7.505859347194022737e-28 3.475960987389476412e-28 2.042908862739359625e-28 1.170070724685124192e-28 6.192438848641320351e-29 3.227353975739138047e-29 1.647914516583548179e-29 8.283032905032515600e-30 4.131811305391897584e-30 2.064525374094289243e-30 1.037427868375369771e-30 5.199865263718276335e-31 7.630535486439323663e-28 3.545679485745193815e-28 2.092301622513449442e-28 1.203864827161238814e-28 6.406476893934303545e-29 3.358468077660335551e-29 1.724336765229513801e-29 8.704687354267662708e-30 4.351355374294383289e-30 2.172755468242319854e-30 1.088514703126124964e-30 5.434717821403640955e-31 7.676706355278637714e-28 3.571230530057984049e-28 2.110239585969020318e-28 1.216051620561795985e-28 6.483254849951108120e-29 3.405381854318646907e-29 1.751696317648805892e-29 8.856037212233285589e-30 4.430678292189023824e-30 2.212124569332670395e-30 1.107201757144118912e-30 5.520846208972794273e-31
3.883650316580513458e-28 1.866982023632475303e-28 1.149685796759771808e-28 6.800086783378939066e-29 3.648051027263982943e-29 1.892946025350314912e-29 9.468966198447984422e-30 4.627284279648678486e-30 2.250590110330393285e-30 1.108536034192208932e-30 5.561705875745707656e-31 2.806147425590368810e-31 4.132079068396371856e-28 2.007897609793648881e-28 1.252400449484692253e-28 7.517471684834871524e-29 4.104485064201203705e-29 2.169140833659756652e-29 1.103146077473932062e-29 5.453595692458044790e-30 2.661691388649960181e-30 1.303790994319954111e-30 6.468286056839854602e-31 3.225602200733979540e-31 4.192304589637521859e-28 2.042908862739340343e-28 1.278329031383641929e-28 7.701029027205987217e-29 4.223257609336202003e-29 2.242667691181929887e-29 1.146038268672964132e-29 5.689152134671497395e-30 2.783616903383991349e-30 1.363531018496167801e-30 6.748297349595088051e-31 3.354038365510525800e-31 4.277852743848673623e-28 2.092301622513442716e-28 1.314733639670957461e-28 7.957704339620040661e-29 4.388595967568642117e-29 2.344491722619512425e-29 1.205076041098876663e-29 6.011214052329438304e-30 2.949258450557216144e-30 1.444370744074009651e-30 7.127751073328900643e-31 3.528367010966646177e-31 4.309169133922619474e-28 2.110239585969023009e-28 1.327860541613308624e-28 8.049732790458742880e-29 4.447627755882584982e-29 2.380774992055265744e-29 1.226126022737826798e-29 6.126384677473771807e-30 3.008830937291057514e-30 1.473629663395262879e-30 7.265812924347042014e-31 3.591942941031806124e-31
2.107802551933285902e-28 1.050943470295764467e-28 6.800086783378928977e-29 4.212642328929475489e-29 2.350411353555995858e-29 1.252683988583920555e-29 6.334251870857451912e-30 3.083525229488560557e-30 1.477482919821897378e-30 7.130684223798320399e-31 3.512824748122224347e-31 1.752976876740924318e-31 2.270630986529331434e-28 1.145978989947534579e-28 7.517471684834871524e-29 4.731208549561891584e-29 2.690351799343149447e-29 1.462803470658657219e-29 7.535903440546265394e-30 3.720265126516700000e-30 1.792912830389392545e-30 8.616952411031264292e-31 4.192008012832962263e-31 2.066875497422516200e-31 2.311182077946428779e-28 1.170070724685127107e-28 7.701029027205989459e-29 4.865116669800228911e-29 2.779357418046907283e-29 1.518946697768312082e-29 7.866272207097936164e-30 3.901689158448839857e-30 1.886266315016972300e-30 9.070432193645972466e-31 4.407356486448817735e-31 2.163046272720296321e-31 2.368338651714848614e-28 1.203864827161232985e-28 7.957704339619924073e-29 5.051808616071895242e-29 2.902985772996366849e-29 1.596570697034213414e-29 8.320484581189433582e-30 4.149262078778107028e-30 2.013000882340657613e-30 9.683652359948666452e-31 4.692749016571362031e-31 2.293367148758441766e-31 2.389078920464017376e-28 1.216051620561787241e-28 8.049732790458715975e-29 5.118433024738106377e-29 2.946955005728880867e-29 1.624137090137837948e-29 8.481865639889918380e-30 4.237841573063891749e-30 2.058406666670340970e-30 9.904658969392148880e-31 4.796108225509284977e-31 2.340664242662636287e-31
1.065635688176828074e-28 5.446773876078060992e-29 3.648051027263948191e-29 2.350411353555998380e-29 1.366465903851086202e-29 7.538200500054298124e-30 3.896874637566245820e-30 1.911599766734942988e-30 9.102904701585779113e-31 4.319504108568454874e-31 2.084530457104095374e-31 1.023916659518230967e-31 1.165251094633520497e-28 6.038980805233636930e-29 4.104485064201203705e-29 2.690351799343149447e-29 1.597433533170931912e-29 9.013288761876990121e-30 4.761805068865162796e-30 2.376811802207374123e-30 1.141900265595071619e-30 5.406869197983534742e-31 2.578411762183952958e-31 1.248326262667618700e-31 1.190729808710060094e-28 6.192438848641294567e-29 4.223257609336196398e-29 2.779357418046898315e-29 1.658659979745307865e-29 9.411974610542414192e-30 5.002203001443901697e-30 2.510747532476633685e-30 1.211137777885126591e-30 5.742088310725117129e-31 2.734143082709283284e-31 1.318023389687040559e-31 1.226383853689320214e-28 6.406476893934256461e-29 4.388595967568512637e-29 2.902985772996365728e-29 1.743435795662336004e-29 9.961671324889688241e-30 5.331876912050146660e-30 2.693210438524515042e-30 1.304921072145324811e-30 6.194281348414107035e-31 2.942666348632769405e-31 1.412167613056247857e-31 1.239234570283811529e-28 6.483254849951132783e-29 4.447627755882616932e-29 2.946955005728878064e-29 1.773505668790864192e-29 1.015645739872466968e-29 5.448806434195549750e-30 2.758216422341906203e-30 1.338454156601686284e-30 6.356871981654069588e-31 3.017985366439914015e-31 1.446238436290583478e-31
5.383760405342558820e-29 2.777468364823689737e-29 1.892946025350291370e-29 1.252683988583912988e-29 7.538200500054291117e-30 4.303760757538129946e-30 2.286524303775515283e-30 1.139297455301979885e-30 5.439008359216990806e-31 2.556876662161861219e-31 1.212861725812456791e-31 5.855291486744247390e-32 5.976353511778566734e-29 3.132780816066311795e-29 2.169140833659756652e-29 1.462803470658657219e-29 9.013288761876990121e-30 5.279576493082662352e-30 2.877352100716256652e-30 1.464755510376012137e-30 7.081112797617406973e-31 3.330006674714641181e-31 1.562427766611351125e-31 7.418411727022175009e-32 6.132461869402746351e-29 3.227353975739113944e-29 2.242667691181918396e-29 1.518946697768317127e-29 9.411974610542449224e-30 5.548439751608362126e-30 3.044843256779624427e-30 1.560426737747547414e-30 7.583046496740736819e-31 3.574146781750070883e-31 1.674537721310160025e-31 7.917958840131998507e-32 6.349364939524544898e-29 3.358468077660304162e-29 2.344491722619500093e-29 1.596570697034218459e-29 9.961671324889577538e-30 5.917640584692239360e-30 3.273605622600819567e-30 1.690270151782344998e-30 8.260002515621485837e-31 3.901966016269167777e-31 1.824963059676582434e-31 8.589113171806046350e-32 6.427274936342279228e-29 3.405381854318653073e-29 2.380774992055266585e-29 1.624137090137829540e-29 1.015645739872473274e-29 6.048386099314399920e-30 3.354726953511502584e-30 1.736465170921533888e-30 8.502067541218107578e-31 4.019840988278462589e-31 1.879296604592854103e-31 8.832005265756740089e-32
2.710690363440274776e-29 1.390889288581944866e-29 9.468966198448046079e-30 6.334251870857429491e-30 3.896874637566267541e-30 2.286524303775529997e-30 1.248344315593986083e-30 6.348771166117638754e-31 3.060403717669360229e-31 1.436432881706864464e-31 6.740857818510095638e-32 3.205835853785632100e-32 3.046755539137928430e-29 1.592421920563750059e-29 1.103146077473932062e-29 7.535903440546265394e-30 4.761805068865162796e-30 2.877352100716256652e-30 1.618622615031423972e-30 8.451066014495756103e-31 4.143324411362845063e-31 1.951006111795248892e-31 9.062478241685419818e-32 4.232114589737458729e-32 3.138470133328237744e-29 1.647914516583528561e-29 1.146038268672954743e-29 7.866272207097955782e-30 5.002203001443890486e-30 3.044843256779600605e-30 1.726798375772910077e-30 9.089667593763389912e-31 4.486550086688501112e-31 2.120108364517761067e-31 9.840399356349556478e-32 4.575482067095422919e-32 3.264959040561353316e-29 1.724336765229516043e-29 1.205076041098866434e-29 8.320484581189313070e-30 5.331876912050154368e-30 3.273605622600799949e-30 1.873745574476331889e-30 9.952002316485054879e-31 4.946611333069533247e-31 2.345667881611526688e-31 1.087649013217552768e-31 5.033441094521301623e-32 3.310391028238380324e-29 1.751696317648791879e-29 1.226126022737821333e-29 8.481865639889870736e-30 5.448806434195576375e-30 3.354726953511496979e-30 1.925940224430886638e-30 1.025857243138369316e-30 5.111546549621204051e-31 2.427045509350114781e-31 1.125197563912736940e-31 5.199764062963593449e-32
1.366156995973657507e-29 6.899363009515629688e-30 4.627284279648667276e-30 3.083525229488581577e-30 1.911599766734941937e-30 1.139297455301969375e-30 6.348771166117629120e-31 3.293213404328456400e-31 1.608884023360268807e-31 7.585579155592630049e-32 3.546519373219827594e-32 1.670942048447235232e-32 1.546422633742232362e-29 7.974739500564165460e-30 5.453595692458044790e-30 3.720265126516700000e-30 2.376811802207374123e-30 1.464755510376012137e-30 8.451066014495756103e-31 4.524113650688260153e-31 2.258832743446851694e-31 1.071794146236967225e-31 4.963609006369000526e-32 2.292742320007524203e-32 1.597670899743901244e-29 8.283032905032497383e-30 5.689152134671481280e-30 3.901689158448809028e-30 2.510747532476644895e-30 1.560426737747557574e-30 9.089667593763305835e-31 4.914469681697063881e-31 2.475025144428984856e-31 1.180429041789632443e-31 5.467039291949470423e-32 2.513961459012486906e-32 1.667808987411242817e-29 8.704687354267594045e-30 6.011214052329383653e-30 4.149262078778137857e-30 2.693210438524519596e-30 1.690270151782331686e-30 9.952002316485044369e-31 5.437449585167490842e-31 2.762601372899670111e-31 1.324203049155682545e-31 6.132065916158800644e-32 2.806543064586679700e-32 1.693088919865633769e-29 8.856037212233327628e-30 6.126384677473815247e-30 4.237841573063881940e-30 2.758216422341914961e-30 1.736465170921544748e-30 1.025857243138369491e-30 5.624783863239404175e-31 2.866287115572339485e-31 1.376383711342286983e-31 6.374699902535664419e-32 2.913735329498674299e-32
6.928600085959886987e-30 3.429357114140971026e-30 2.250590110330384877e-30 1.477482919821899655e-30 9.102904701585728316e-31 5.439008359216980297e-31 3.060403717669351033e-31 1.608884023360260486e-31 7.959805744209052193e-32 3.783154579870943456e-32 1.772790033320321628e-32 8.330139325672748862e-33 7.842462918940481853e-30 3.970218951812841818e-30 2.661691388649960181e-30 1.792912830389392545e-30 1.141900265595071619e-30 7.081112797617406973e-31 4.143324411362845063e-31 2.258832743446851694e-31 1.147278562273488590e-31 5.503623082705556122e-32 2.555865805884286222e-32 1.175593992089649584e-32 8.113160241031281598e-30 4.131811305391892679e-30 2.783616903383982941e-30 1.886266315016980008e-30 1.211137777885114155e-30 7.583046496740739446e-31 4.486550086688523007e-31 2.475025144428994490e-31 1.270659104918911448e-31 6.138163107021884995e-32 2.853444978373292872e-32 1.306385504407976537e-32 8.481201329182983971e-30 4.351355374294387493e-30 2.949258450557210889e-30 2.013000882340635193e-30 1.304921072145315703e-30 8.260002515621445550e-31 4.946611333069541129e-31 2.762601372899680621e-31 1.433570981127565839e-31 6.971406575504231762e-32 3.243448427736044643e-32 1.478011190326950954e-32 8.614587503680347048e-30 4.430678292189053951e-30 3.008830937291071878e-30 2.058406666670333964e-30 1.338454156601685233e-30 8.502067541218104075e-31 5.111546549621169894e-31 2.866287115572342550e-31 1.492705756270819825e-31 7.276381365851061700e-32 3.387114943832244904e-32 1.541453302926853310e-32
3.549532731388610503e-30 1.725173943307663032e-30 1.108536034192203678e-30 7.130684223798326530e-31 4.319504108568461005e-31 2.556876662161847644e-31 1.436432881706867967e-31 7.585579155592671650e-32 3.783154579870947288e-32 1.813560183759588114e-32 8.554636672932075382e-33 4.033118290200973198e-33 3.991546773546159018e-30 1.984552498368230014e-30 1.303790994319954111e-30 8.616952411031264292e-31 5.406869197983534742e-31 3.330006674714641181e-31 1.951006111795248892e-31 1.071794146236967225e-31 5.503623082705556122e-32 2.667569124057538084e-32 1.246930505172544160e-32 5.746411220261185214e-33 4.126512441511307603e-30 2.064525374094300103e-30 1.363531018496168852e-30 9.070432193645998741e-31 5.742088310725078594e-31 3.574146781750068693e-31 2.120108364517763257e-31 1.180429041789626094e-31 6.138163107021869669e-32 3.000914803190144723e-32 1.405391378132765986e-32 6.445427365723264856e-33 4.309329182408567162e-30 2.172755468242319153e-30 1.444370744073999491e-30 9.683652359948610400e-31 6.194281348414083388e-31 3.901966016269164274e-31 2.345667881611532819e-31 1.324203049155688018e-31 6.971406575504250373e-32 3.436207019748098900e-32 1.611955278445427629e-32 7.358082002579200117e-33 4.376047812581993516e-30 2.212124569332665491e-30 1.473629663395265331e-30 9.904658969392138370e-31 6.356871981654003902e-31 4.019840988278466968e-31 2.427045509350120912e-31 1.376383711342283480e-31 7.276381365851044183e-32 3.597071869062875652e-32 1.688903862877639995e-32 7.699734238488077363e-33
1.829874697217051360e-30 8.785234013042176803e-31 5.561705875745708532e-31 3.512824748122232230e-31 2.084530457104108073e-31 1.212861725812460295e-31 6.740857818510107681e-32 3.546519373219836352e-32 1.772790033320322996e-32 8.554636672932065803e-33 4.069900734506120139e-33 1.933356301538511556e-33 2.037733581827244141e-30 9.998575273153095062e-31 6.468286056839854602e-31 4.192008012832962263e-31 2.578411762183952958e-31 1.562427766611351125e-31 9.062478241685419818e-32 4.963609006369000526e-32 2.555865805884286222e-32 1.246930505172544160e-32 5.874166562154550048e-33 2.725025963005532683e-33 2.101886537253023934e-30 1.037427868375378004e-30 6.748297349595182639e-31 4.407356486448842258e-31 2.734143082709284160e-31 1.674537721310154113e-31 9.840399356349503929e-32 5.467039291949451812e-32 2.853444978373282472e-32 1.405391378132765712e-32 6.635693743205226103e-33 3.062661040299248754e-33 2.188687140425942049e-30 1.088514703126117782e-30 7.127751073328843716e-31 4.692749016571356776e-31 2.942666348632792177e-31 1.824963059676582653e-31 1.087649013217554082e-31 6.132065916158796265e-32 3.243448427736056138e-32 1.611955278445425439e-32 7.627218350397392808e-33 3.503257245403856468e-33 2.220553065166767929e-30 1.107201757144114183e-30 7.265812924346997348e-31 4.796108225509246441e-31 3.017985366439910950e-31 1.879296604592856073e-31 1.125197563912736064e-31 6.374699902535692883e-32 3.387114943832234504e-32 1.688903862877639447e-32 8.000240040701557712e-33 3.670083137061220260e-33
9.354734383596538916e-31 4.464766271585517746e-31 2.806147425590370562e-31 1.752976876740921691e-31 1.023916659518230529e-31 5.855291486744238631e-32 3.205835853785632647e-32 1.670942048447232495e-32 8.330139325672768020e-33 4.033118290200963619e-33 1.933356301538512240e-33 9.265804696387812316e-34 1.032387450547900153e-30 5.026967211907041798e-31 3.225602200733979540e-31 2.066875497422516200e-31 1.248326262667618700e-31 7.418411727022175009e-32 4.232114589737458729e-32 2.292742320007524203e-32 1.175593992089649584e-32 5.746411220261185214e-33 2.725025963005532683e-33 1.275222678607842260e-33 1.061794696458877716e-30 5.199865263718295603e-31 3.354038365510547257e-31 2.163046272720308582e-31 1.318023389687034866e-31 7.917958840132011644e-32 4.575482067095425109e-32 2.513961459012483075e-32 1.306385504407974895e-32 6.445427365723289488e-33 3.062661040299248412e-33 1.425559664906455145e-33 1.101817762142446235e-30 5.434717821403609426e-31 3.528367010966628660e-31 2.293367148758443079e-31 1.412167613056247638e-31 8.589113171806018981e-32 5.033441094521312571e-32 2.806543064586678058e-32 1.478011190326947669e-32 7.358082002579194643e-33 3.503257245403859205e-33 1.622333794579642686e-33 1.116555669426989511e-30 5.520846208972798652e-31 3.591942941031792549e-31 2.340664242662620084e-31 1.446238436290581289e-31 8.832005265756729141e-32 5.199764062963594544e-32 2.913735329498673204e-32 1.541453302926849752e-32 7.699734238488092416e-33 3.670083137061221629e-33 1.697424702781123681e-33
1.637117004914286983e-27 7.120846396596221677e-28 3.933696495790057841e-28 2.140706261312474627e-28 1.085585591580939831e-28 5.500557363004316407e-29 2.775732567138481641e-29 1.400500378476237269e-29 7.101130373525559603e-30 3.632923676845134904e-30 1.869322689567300892e-30 9.539844562940627945e-31 1.710541982779894136e-27 7.505859347194022737e-28 4.192304589637521859e-28 2.311182077946428779e-28 1.190729808710060094e-28 6.132461869402746351e-29 3.138470133328237744e-29 1.597670899743901244e-29 8.113160241031281598e-30 4.126512441511307603e-30 2.101886537253023934e-30 1.061794696458877716e-30 1.727281526592423087e-27 7.598032114942204378e-28 4.256388984157028056e-28 2.354582737968138813e-28 1.218272758798714574e-28 6.303642732152458598e-29 3.241000188436561782e-29 1.656368000907075520e-29 8.431759681092919882e-30 4.289413901421395238e-30 2.180385353496462277e-30 1.097850509532924391e-30 1.751532747842041695e-27 7.729796094083556611e-28 4.347127993222326457e-28 2.415574544228540817e-28 1.256694913757021825e-28 6.540644071798342687e-29 3.381803822166632991e-29 1.736298016059958329e-29 8.862445411032466460e-30 4.508792626576406679e-30 2.286247679083868058e-30 1.146734171896568869e-30 1.760648915489230233e-27 7.778694113505769893e-28 4.380433450411573132e-28 2.437774932063693103e-28 1.270593835180017939e-28 6.626165180363878996e-29 3.432683033011297870e-29 1.765763829981139655e-29 9.020208907567936283e-30 4.590119491250563388e-30 2.325900214942703345e-30 1.165155218582073497e-30
7.120846396596201947e-28 3.265311751558322523e-28 1.895853401495188740e-28 1.070391900623432265e-28 5.566546627283679507e-29 2.848109466453441481e-29 1.430224017874667281e-29 7.106012756751432939e-30 3.532404566745934589e-30 1.774603465540934396e-30 9.017697628863545049e-31 4.573550748979450203e-31 7.505859347194098071e-28 3.475960987389476412e-28 2.042908862739340343e-28 1.170070724685127107e-28 6.192438848641294567e-29 3.227353975739113944e-29 1.647914516583528561e-29 8.283032905032497383e-30 4.131811305391892679e-30 2.064525374094300103e-30 1.037427868375378004e-30 5.199865263718295603e-31 7.598032114942204378e-28 3.528159506898884524e-28 2.080220410149628889e-28 1.195871879478634708e-28 6.358329668051173800e-29 3.331004510069684283e-29 1.709895584900965541e-29 8.635735692515366883e-30 4.321768066444317732e-30 2.160940747126014990e-30 1.083648046110787618e-30 5.411686929655128592e-31 7.729796094083512667e-28 3.602092614959980419e-28 2.132719959413160299e-28 1.231974617452781129e-28 6.589098174520982751e-29 3.474271810508077869e-29 1.794947121805530405e-29 9.115967829691026353e-30 4.578630754687351337e-30 2.290835054944410698e-30 1.145990801273859737e-30 5.698785555504326068e-31 7.778694113505708012e-28 3.629264132739645253e-28 2.151847563523181056e-28 1.245040620928132432e-28 6.672214100633327580e-29 3.525770586029839743e-29 1.825584214115303530e-29 9.291441506396625555e-30 4.672545528391671986e-30 2.338891672608027460e-30 1.169297042393185526e-30 5.806749269609445426e-31
