# Created by Tilman Tröster (tilman@troester.space) on 2021-07-27 20:02:50 using covariance_NG.py
# Covariance HMx TETE SSC, mask. Mask power file: ../data/xcorr/cov/W_l/shear_KiDS1000_Planck_gal40_ps_binary.txt
7.777292755745365585e-28 3.796241231319251565e-28 1.926701531719416741e-28 9.429895828808722756e-29 4.398604556246668956e-29 2.059154582759783980e-29 9.620254537347111192e-30 4.292666909240914982e-30 1.683079136213751644e-30 5.026791343246304742e-31 8.848241142157148597e-32 5.907870748941846261e-33 8.012883932672342547e-28 3.924331105068216344e-28 2.000471327751564162e-28 9.838804888996483500e-29 4.611162923260364797e-29 2.165836712099711262e-29 1.012693112523407949e-29 4.512218825313513651e-30 1.764419078798764606e-30 5.254623814644045784e-31 9.228131434485410692e-32 6.152427837705285906e-33 8.057142524706889112e-28 3.949710974186741701e-28 2.015797949895762535e-28 9.926798607352701073e-29 4.658023385764501460e-29 2.189705020986811380e-29 1.024107745722803535e-29 4.561728173682456318e-30 1.782675705297343351e-30 5.305229739083835838e-31 9.311341422360642591e-32 6.205253985437232424e-33 8.124825436172349544e-28 3.987886859808644810e-28 2.038518106554815995e-28 1.005582258158171069e-28 4.726207872013271017e-29 2.224274415024572692e-29 1.040608550536135049e-29 4.633312901408408076e-30 1.809126250460440364e-30 5.378813828863970220e-31 9.432868782025203707e-32 6.282721935118131501e-33 8.151229307817704124e-28 4.002566431215502094e-28 2.047131036550321958e-28 1.010415634659242748e-28 4.751523512257702657e-29 2.237045457397535210e-29 1.046700039543075586e-29 4.659812282617846738e-30 1.818966579452791345e-30 5.406346382205538785e-31 9.478563267776422582e-32 6.311944368475111868e-33
3.796241231319251565e-28 1.902624602454045014e-28 9.929423760887560631e-29 4.968696074980832346e-29 2.346044948769981537e-29 1.097976046967419976e-29 5.071777532182672842e-30 2.227270310854491132e-30 8.608796489756203126e-31 2.546673936081319301e-31 4.461350782599307897e-32 2.973893432365723026e-33 3.924331105068211860e-28 1.975174143394221875e-28 1.036678377269424217e-28 5.220569119513904560e-29 2.480466938593968632e-29 1.166323711151864488e-29 5.396306575263195487e-30 2.366510971661197260e-30 9.116986032460749024e-31 2.686817500449243772e-31 4.692233728440203565e-32 3.121501491372764058e-33 3.949710974186754706e-28 1.990268656957953795e-28 1.046182314831311829e-28 5.277042400981466484e-29 2.511258575320195084e-29 1.182204129392627887e-29 5.472361281125499610e-30 2.399275055485874324e-30 9.236441890975539991e-31 2.719529920804643158e-31 4.745512227419655333e-32 3.155140202436308253e-33 3.987886859808643913e-28 2.012637992012365967e-28 1.060083160768135527e-28 5.358849406409529728e-29 2.555561300072626391e-29 1.204953506386038959e-29 5.581065231141427450e-30 2.446077628026025442e-30 9.407265144989294344e-31 2.766435126686933915e-31 4.822187214822591525e-32 3.203724368587577064e-33 4.002566431215511062e-28 2.021121362710223197e-28 1.065283698091915925e-28 5.389116635221894660e-29 2.571817402805592971e-29 1.213261178544906053e-29 5.620720599894899500e-30 2.463187378457573664e-30 9.469981503884173374e-31 2.783745157881108856e-31 4.850611056303026396e-32 3.221787385401518474e-33
1.926701531719416741e-28 9.929423760887560631e-29 5.396136306462832140e-29 2.799245179205571282e-29 1.353104166465325168e-29 6.382830316714401013e-30 2.920801966782641321e-30 1.258555929675356592e-30 4.771488577701506622e-31 1.391666662826577402e-31 2.419323754734292856e-32 1.607978762526798412e-33 2.000471327751561023e-28 1.036678377269422423e-28 5.675816035911053893e-29 2.968782587625882248e-29 1.446936705847556231e-29 6.869679008672307052e-30 3.152566282085342256e-30 1.356962839500139073e-30 5.124491743304662263e-31 1.487219623071921860e-31 2.574403206693775647e-32 1.706240340217653203e-33 2.015797949895779575e-28 1.046182314831315641e-28 5.738983140088331175e-29 3.008111670732023887e-29 1.469103570244271671e-29 6.986214303655309033e-30 3.208580550079128001e-30 1.380900873124647438e-30 5.210541967431422136e-31 1.510423044278161234e-31 2.611723259891326384e-32 1.729625554756820540e-33 2.038518106554818685e-28 1.060083160768134854e-28 5.830323568130762174e-29 3.064518077649533857e-29 1.500712404311633702e-29 7.151735966444718082e-30 3.287945107512504328e-30 1.414777911062116157e-30 5.332348220040933921e-31 1.543327984160292601e-31 2.664804275222203729e-32 1.762990900273784070e-33 2.047131036550348415e-28 1.065283698091921978e-28 5.864066150484635962e-29 3.085146990078266245e-29 1.512186999835646359e-29 7.211562420182783698e-30 3.316596974659607013e-30 1.427027170644266537e-30 5.376548397770991128e-31 1.555322272208219744e-31 2.684231190110516220e-32 1.775233862484161169e-33
9.429895828808722756e-29 4.968696074980832346e-29 2.799245179205571282e-29 1.506068161493959032e-29 7.495658281941262352e-30 3.593986207159213907e-30 1.643697709264183810e-30 6.990079349819160130e-31 2.602271602667428345e-31 7.464783979081727158e-32 1.283693544999485799e-32 8.489198725111562683e-34 9.838804888996388211e-29 5.220569119513858598e-29 2.968782587625864311e-29 1.614060863944291027e-29 8.118641698250204403e-30 3.926801400089689373e-30 1.804316649135545306e-30 7.671903252649879109e-31 2.844225928000235104e-31 8.108536622224818739e-32 1.386335853887689228e-32 9.131161342530740227e-34 9.926798607352790756e-29 5.277042400981483300e-29 3.008111670732004829e-29 1.639699164079936430e-29 8.268945773486287078e-30 4.008139425102201089e-30 1.844007258518417948e-30 7.841916048753836856e-31 2.904873294848486516e-31 8.269762347295111176e-32 1.411863969243385317e-32 9.289182812558241972e-34 1.005582258158172750e-28 5.358849406409548785e-29 3.064518077649543386e-29 1.676211971070929710e-29 8.481916943968044562e-30 4.122962608492441554e-30 1.899885594142658100e-30 8.080842486614241377e-31 2.990054776034578734e-31 8.496441090608740556e-32 1.447841311220456118e-32 9.512520684021983854e-34 1.010415634659267411e-28 5.389116635221939501e-29 3.085146990078234296e-29 1.689444607529116597e-29 8.558587898130171441e-30 4.164136887630065558e-30 1.919898204945441868e-30 8.166508431045124562e-31 3.020684987421634563e-31 8.578266134694187211e-32 1.460874851232192392e-32 9.593619975357865887e-34
4.398604556246668956e-29 2.346044948769981537e-29 1.353104166465325168e-29 7.495658281941262352e-30 3.842265596305129381e-30 1.883980499183206492e-30 8.695315319242541982e-31 3.683295642469511379e-31 1.354063336715234627e-31 3.824316427354933256e-32 6.493007382717391311e-33 4.262373262496505332e-34 4.611162923260314910e-29 2.480466938593950695e-29 1.446936705847550066e-29 8.118641698250184785e-30 4.217128724516947621e-30 2.091636295354788137e-30 9.722668408199362264e-31 4.124415286722220199e-31 1.510363618281816999e-31 4.235073997905342103e-32 7.136194713767597610e-33 4.657930311049849866e-34 4.658023385764464466e-29 2.511258575320185555e-29 1.469103570244266906e-29 8.268945773486277269e-30 4.308979264834021894e-30 2.143213203202369559e-30 9.981195845856917783e-31 4.236756593793744645e-31 1.550508572865067402e-31 4.340798658812159960e-32 7.300902206831245687e-33 4.758218681596900293e-34 4.726207872013242991e-29 2.555561300072601167e-29 1.500712404311619969e-29 8.481916943968017937e-30 4.438509414473327746e-30 2.215677286715017316e-30 1.034330524395195096e-30 4.393732103655964543e-31 1.606529264563694538e-31 4.488373987054901362e-32 7.531237913128348687e-33 4.898843330699783504e-34 4.751523512257710504e-29 2.571817402805590168e-29 1.512186999835635429e-29 8.558587898130043923e-30 4.484859502066958760e-30 2.241514774892084391e-30 1.047226564563233190e-30 4.449685879564893376e-31 1.626546946527848842e-31 4.541281944621410610e-32 7.614081118891854063e-33 4.949530449475342210e-34
2.059154582759783980e-29 1.097976046967419976e-29 6.382830316714401013e-30 3.593986207159213907e-30 1.883980499183206492e-30 9.445992609199851262e-31 4.423491246023187751e-31 1.881755782219543501e-31 6.886825968484967759e-32 1.926136245772484137e-32 3.235420632434250822e-33 2.107038387923543923e-34 2.165836712099719670e-29 1.166323711151869532e-29 6.869679008672332275e-30 3.926801400089666952e-30 2.091636295354793742e-30 1.063701173574802947e-30 5.031753069117101225e-31 2.148105610244285908e-31 7.836982800575413055e-32 2.174569381289414352e-32 3.618996501510868644e-33 2.338880498853751535e-34 2.189705020986797367e-29 1.182204129392614294e-29 6.986214303655247376e-30 4.008139425102262045e-30 2.143213203202396184e-30 1.093790015665250682e-30 5.187613319787623183e-31 2.217384528872579695e-31 8.087110925483139226e-32 2.240305371431958796e-32 3.720157912186532769e-33 2.399427980912343500e-34 2.224274415024555036e-29 1.204953506386037278e-29 7.151735966444758719e-30 4.122962608492436649e-30 2.215677286715009959e-30 1.135896723119004164e-30 5.404958734992100253e-31 2.313699037453645819e-31 8.434132203231070785e-32 2.331469380784833413e-32 3.860650075566625331e-33 2.483733011097710884e-34 2.237045457397501859e-29 1.213261178544900168e-29 7.211562420182787902e-30 4.164136887629982882e-30 2.241514774892087194e-30 1.150860981259928055e-30 5.482121390985017606e-31 2.347923398105267545e-31 8.557729297502962703e-32 2.364039026208113777e-32 3.910992009498014904e-33 2.514003671612035782e-34
9.620254537347111192e-30 5.071777532182672842e-30 2.920801966782641321e-30 1.643697709264183810e-30 8.695315319242541982e-31 4.423491246023187751e-31 2.103496009147405199e-31 9.040791574201852287e-32 3.320212390893935913e-32 9.266028737275089382e-33 1.548158884062661305e-33 1.002435728844277608e-34 1.012693112523408509e-29 5.396306575263209500e-30 3.152566282085356620e-30 1.804316649135546007e-30 9.722668408199285192e-31 5.031753069117077579e-31 2.423401891947681891e-31 1.047542433967152506e-31 3.838919727264993450e-32 1.062483518675319625e-32 1.756291347852904299e-33 1.126459960521031339e-34 1.024107745722809561e-29 5.472361281125552859e-30 3.208580550079165135e-30 1.844007258518424604e-30 9.981195845856931796e-31 5.187613319787614425e-31 2.506915521334623985e-31 1.085723841487511774e-31 3.979220632920750044e-32 1.099552605874918383e-32 1.812994141771415579e-33 1.159922826312193964e-34 1.040608550536129024e-29 5.581065231141426048e-30 3.287945107512516239e-30 1.899885594142658450e-30 1.034330524395203153e-30 5.404958734992113390e-31 2.622893185765513933e-31 1.138547016550908913e-31 4.172771243422717164e-32 1.150636980023978903e-32 1.891216816483597504e-33 1.206202895290355569e-34 1.046700039543089739e-29 5.620720599894944341e-30 3.316596974659600006e-30 1.919898204945434861e-30 1.047226564563228111e-30 5.482121390985025488e-31 2.664033878214494573e-31 1.157305354285809672e-31 4.241676442460337311e-32 1.168881259359515572e-32 1.919236910559948217e-33 1.222815012655959187e-34
4.292666909240914982e-30 2.227270310854491132e-30 1.258555929675356592e-30 6.990079349819160130e-31 3.683295642469511379e-31 1.881755782219543501e-31 9.040791574201852287e-32 3.929805803713653036e-32 1.455277057138232802e-32 4.077955641586180158e-33 6.816120055767943682e-34 4.405264536095381237e-35 4.512218825313454796e-30 2.366510971661177642e-30 1.356962839500139598e-30 7.671903252649911514e-31 4.124415286722192173e-31 2.148105610244305614e-31 1.047542433967154039e-31 4.588343315207417046e-32 1.697347404250103341e-32 4.716475091877413086e-33 7.792125833721054069e-34 4.981764308079541876e-35 4.561728173682436700e-30 2.399275055485858559e-30 1.380900873124631148e-30 7.841916048753702857e-31 4.236756593793784933e-31 2.217384528872594584e-31 1.085723841487518342e-31 4.767863374506198309e-32 1.764748893029206673e-32 4.896536461520670056e-33 8.067608972286886428e-34 5.142934045290165097e-35 4.633312901408396165e-30 2.446077628026026143e-30 1.414777911062124565e-30 8.080842486614304435e-31 4.393732103655931263e-31 2.313699037453641878e-31 1.138547016550909788e-31 5.015075810243143217e-32 1.857222398786128002e-32 5.143153056013369792e-33 8.445191096969860336e-34 5.364406007386707488e-35 4.659812282617888777e-30 2.463187378457570160e-30 1.427027170644252524e-30 8.166508431045142079e-31 4.449685879564875860e-31 2.347923398105288127e-31 1.157305354285809672e-31 5.102992182547132512e-32 1.890206101033861849e-32 5.231436269157765214e-33 8.580806270766298953e-34 5.444129922801981325e-35
1.683079136213751644e-30 8.608796489756203126e-31 4.771488577701506622e-31 2.602271602667428345e-31 1.354063336715234627e-31 6.886825968484967759e-32 3.320212390893935913e-32 1.455277057138232802e-32 5.439926951278236096e-33 1.535999492282627040e-33 2.579072623139152507e-34 1.669672829381537977e-35 1.764419078798767759e-30 9.116986032460773547e-31 5.124491743304666643e-31 2.844225928000228973e-31 1.510363618281830136e-31 7.836982800575419623e-32 3.838919727265011513e-32 1.697347404250103341e-32 6.343041719782679234e-33 1.776392385698920757e-33 2.947393251186568529e-34 1.886552670896568330e-35 1.782675705297345453e-30 9.236441890975531233e-31 5.210541967431400241e-31 2.904873294848485640e-31 1.550508572865054484e-31 8.087110925483143605e-32 3.979220632920771939e-32 1.764748893029209957e-32 6.601276902333157092e-33 1.846335587437909703e-33 3.054935243676666773e-34 1.949280665341152639e-35 1.809126250460436861e-30 9.407265144989271573e-31 5.332348220040918157e-31 2.990054776034568225e-31 1.606529264563689283e-31 8.434132203231087206e-32 4.172771243422723733e-32 1.857222398786126908e-32 6.953967370744541906e-33 1.941640241612201546e-33 3.201547366392228772e-34 2.035032082626313044e-35 1.818966579452794498e-30 9.469981503884224171e-31 5.376548397771022658e-31 3.020684987421640256e-31 1.626546946527839427e-31 8.557729297502945186e-32 4.241676442460337311e-32 1.890206101033864860e-32 7.080221774041020765e-33 1.975906847688681486e-33 3.254471826186461295e-34 2.066068948306358581e-35
5.026791343246304742e-31 2.546673936081319301e-31 1.391666662826577402e-31 7.464783979081727158e-32 3.824316427354933256e-32 1.926136245772484137e-32 9.266028737275089382e-33 4.077955641586180158e-33 1.535999492282627040e-33 4.373078595240424306e-34 7.390941620539897084e-35 4.803221203030568781e-36 5.254623814644034398e-31 2.686817500449245524e-31 1.487219623071927771e-31 8.108536622224863625e-32 4.235073997905314187e-32 2.174569381289412710e-32 1.062483518675313330e-32 4.716475091877401454e-33 1.776392385698920415e-33 5.018187427273255176e-34 8.384371859744612330e-35 5.389186602977497937e-36 5.305229739083847224e-31 2.719529920804651041e-31 1.510423044278167146e-31 8.269762347295134166e-32 4.340798658812151749e-32 2.240305371431979597e-32 1.099552605874923857e-32 4.896536461520673477e-33 1.846335587437909018e-33 5.209989109024587189e-34 8.681499483074090323e-35 5.562797133133191759e-36 5.378813828863948325e-31 2.766435126686927785e-31 1.543327984160291068e-31 8.496441090608695670e-32 4.488373987054904646e-32 2.331469380784836150e-32 1.150636980023981776e-32 5.143153056013399214e-33 1.941640241612201203e-33 5.470632559556024104e-34 9.085480742594614758e-35 5.799564681839818694e-36 5.406346382205573818e-31 2.783745157881094405e-31 1.555322272208191500e-31 8.578266134694067881e-32 4.541281944621423200e-32 2.364039026208109671e-32 1.168881259359519130e-32 5.231436269157772741e-33 1.975906847688682512e-33 5.564849674752048364e-34 9.232233012710159321e-35 5.885858454100096092e-36
8.848241142157148597e-32 4.461350782599307897e-32 2.419323754734292856e-32 1.283693544999485799e-32 6.493007382717391311e-33 3.235420632434250822e-33 1.548158884062661305e-33 6.816120055767943682e-34 2.579072623139152507e-34 7.390941620539897084e-35 1.256916956900654455e-35 8.203931485542491779e-37 9.228131434485388797e-32 4.692233728440191522e-32 2.574403206693777289e-32 1.386335853887691691e-32 7.136194713767564767e-33 3.618996501510851538e-33 1.756291347852905325e-33 7.792125833721009594e-34 2.947393251186569812e-34 8.384371859744636919e-35 1.410807410825028109e-35 9.116367595805664890e-37 9.311341422360651349e-32 4.745512227419660260e-32 2.611723259891332405e-32 1.411863969243397086e-32 7.300902206831267582e-33 3.720157912186540979e-33 1.812994141771412842e-33 8.067608972286884717e-34 3.054935243676648812e-34 8.681499483074103152e-35 1.457171216493236071e-35 9.388597123336395873e-37 9.432868782025206991e-32 4.822187214822588788e-32 2.664804275222203182e-32 1.447841311220457761e-32 7.531237913128352792e-33 3.860650075566616436e-33 1.891216816483591004e-33 8.445191096969870600e-34 3.201547366392233903e-34 9.085480742594629726e-35 1.520259287417561140e-35 9.760336413844463185e-37 9.478563267776399592e-32 4.850611056303034060e-32 2.684231190110525525e-32 1.460874851232192119e-32 7.614081118891870484e-33 3.910992009498001220e-33 1.919236910559949243e-33 8.580806270766312638e-34 3.254471826186467710e-34 9.232233012710155045e-35 1.543313557675932518e-35 9.896735671902187857e-37
5.907870748941846261e-33 2.973893432365723026e-33 1.607978762526798412e-33 8.489198725111562683e-34 4.262373262496505332e-34 2.107038387923543923e-34 1.002435728844277608e-34 4.405264536095381237e-35 1.669672829381537977e-35 4.803221203030568781e-36 8.203931485542491779e-37 5.373746500249078427e-38 6.152427837705377592e-33 3.121501491372811953e-33 1.706240340217674414e-33 9.131161342530743649e-34 4.657930311049849866e-34 2.338880498853748542e-34 1.126459960521033477e-34 4.981764308079516217e-35 1.886552670896568063e-35 5.389186602977487914e-36 9.116367595805669901e-37 5.918462801614305123e-38 6.205253985437346006e-33 3.155140202436337675e-33 1.729625554756814382e-33 9.289182812558190655e-34 4.758218681596904570e-34 2.399427980912325539e-34 1.159922826312189688e-34 5.142934045290121263e-35 1.949280665341147026e-35 5.562797133133198441e-36 9.388597123336377498e-37 6.079282652545365114e-38 6.282721935118097290e-33 3.203724368587553801e-33 1.762990900273768675e-33 9.512520684021934247e-34 4.898843330699780082e-34 2.483733011097717726e-34 1.206202895290358563e-34 5.364406007386731008e-35 2.035032082626321864e-35 5.799564681839809339e-36 9.760336413844486572e-37 6.299776959155856676e-38 6.311944368475137869e-33 3.221787385401523264e-33 1.775233862484160826e-33 9.593619975357835096e-34 4.949530449475302011e-34 2.514003671612038347e-34 1.222815012655957476e-34 5.444129922801995224e-35 2.066068948306360184e-35 5.885858454100092751e-36 9.896735671902177834e-37 6.381063665730699658e-38
8.012883932672342547e-28 3.924331105068211860e-28 2.000471327751561023e-28 9.838804888996388211e-29 4.611162923260314910e-29 2.165836712099719670e-29 1.012693112523408509e-29 4.512218825313454796e-30 1.764419078798767759e-30 5.254623814644034398e-31 9.228131434485388797e-32 6.152427837705377592e-33 8.262265574293765835e-28 4.061308730183532749e-28 2.080467433302852620e-28 1.029028598923101494e-28 4.851148333717810138e-29 2.289273055605186900e-29 1.072688775842810583e-29 4.776768323294062964e-30 1.863181085423450384e-30 5.530145318211879455e-31 9.681882314280531790e-32 6.440257585223224742e-33 8.309951540580244399e-28 4.088955686305392022e-28 2.097416582632119190e-28 1.038960658125104257e-28 4.905483440351362288e-29 2.317853334201729952e-29 1.086837297664872224e-29 4.840132168591786288e-30 1.887085044630632106e-30 5.596873151451381605e-31 9.790590961214250956e-32 6.507974195847786346e-33 8.382462295153968044e-28 4.130307458385654225e-28 2.122398876338886819e-28 1.053433368607407595e-28 4.983977321995304486e-29 2.358879632007224725e-29 1.107053685246828840e-29 4.930385000159774644e-30 1.921083487830050826e-30 5.691885583848977687e-31 9.945952231731974572e-32 6.605235064480376249e-33 8.410655122690010467e-28 4.146151362480196351e-28 2.131832965878612703e-28 1.058832612910091414e-28 5.012987669020792098e-29 2.373960371019793822e-29 1.114476461786664798e-29 4.963602337515869589e-30 1.933657604290074275e-30 5.727234939068116148e-31 1.000405849468771977e-31 6.641738292865787202e-33
3.924331105068216344e-28 1.975174143394221875e-28 1.036678377269422423e-28 5.220569119513858598e-29 2.480466938593950695e-29 1.166323711151869532e-29 5.396306575263209500e-30 2.366510971661177642e-30 9.116986032460773547e-31 2.686817500449245524e-31 4.692233728440191522e-32 3.121501491372811953e-33 4.061308730183532749e-28 2.053601172266780306e-28 1.084643373642676070e-28 5.501895887788305096e-29 2.634027961128781236e-29 1.246372586089017937e-29 5.785696040454705259e-30 2.536835308533154067e-30 9.744722598871238387e-31 2.859505219898244218e-31 4.973348559227724525e-32 3.298511722567295931e-33 4.088955686305387537e-28 2.070220932719461085e-28 1.095259929180124420e-28 5.566235332129893237e-29 2.670035094451897521e-29 1.265534991387124883e-29 5.880667992717529876e-30 2.579107719666324338e-30 9.902638076283778150e-31 2.903133265475829289e-31 5.043837545692628353e-32 3.342198520479141794e-33 4.130307458385613867e-28 2.094718499263383848e-28 1.110708173971275134e-28 5.658937135375390338e-29 2.721528833590529028e-29 1.292782882733486704e-29 6.015105465303209515e-30 2.638738352056488095e-30 1.012494047476730530e-30 2.964569130340679860e-31 5.143382446845993193e-32 3.404156730671520010e-33 4.146151362480207113e-28 2.103975794045632760e-28 1.116467044662043663e-28 5.693112294011242389e-29 2.740354267203768179e-29 1.302695784433393106e-29 6.063960980012006793e-30 2.660454137824006804e-30 1.020625716166614190e-30 2.987165800733371960e-31 5.180172606012421844e-32 3.427124223357848756e-33
2.000471327751564162e-28 1.036678377269424217e-28 5.675816035911053893e-29 2.968782587625864311e-29 1.446936705847550066e-29 6.869679008672332275e-30 3.152566282085356620e-30 1.356962839500139598e-30 5.124491743304666643e-31 1.487219623071927771e-31 2.574403206693777289e-32 1.706240340217674414e-33 2.080467433302852620e-28 1.084643373642676070e-28 5.987039235856301874e-29 3.160909597906987427e-29 1.555671648768007836e-29 7.448069104197095469e-30 3.434825034733031698e-30 1.479328170973837637e-30 5.568668052295890498e-31 1.607387045304479625e-31 2.767291646683635099e-32 1.826602951892478279e-33 2.097416582632120535e-28 1.095259929180123523e-28 6.058561309148755925e-29 3.206278897828897194e-29 1.581887437276005301e-29 7.590116665248536371e-30 3.505430079481718999e-30 1.510509655750729729e-30 5.683650489215563066e-31 1.638723907161899865e-31 2.817370343149835782e-32 1.857431799337676621e-33 2.122398876338833457e-28 1.110708173971260785e-28 6.161500175502237960e-29 3.271047076517363459e-29 1.619079319046479955e-29 7.790629223847668566e-30 3.604669049806791536e-30 1.554176102563108768e-30 5.844262342274908896e-31 1.682479187945144181e-31 2.887441404396127688e-32 1.900724633281024626e-33 2.131832965878624362e-28 1.116467044662050165e-28 6.199402894202969690e-29 3.294661706672007856e-29 1.632542157329462567e-29 7.862906753191157575e-30 3.640406573643260800e-30 1.569930008157167262e-30 5.902437849137042555e-31 1.698406657453919472e-31 2.913058834275372304e-32 1.916593008849115152e-33
9.838804888996483500e-29 5.220569119513904560e-29 2.968782587625882248e-29 1.614060863944291027e-29 8.118641698250184785e-30 3.926801400089666952e-30 1.804316649135546007e-30 7.671903252649911514e-31 2.844225928000228973e-31 8.108536622224863625e-32 1.386335853887691691e-32 9.131161342530743649e-34 1.029028598923101494e-28 5.501895887788305096e-29 3.160909597906987427e-29 1.738692428610848929e-29 8.853992428646133385e-30 4.329783526570406629e-30 2.003918292806965058e-30 8.538620084417522590e-31 3.156205871422468223e-31 8.940128479290208689e-32 1.517650984801647308e-32 9.939898820044437264e-34 1.038960658125119278e-28 5.566235332129913416e-29 3.206278897828889346e-29 1.768803216130696319e-29 9.034887839311759529e-30 4.430659692032846539e-30 2.054832854138598210e-30 8.764186975163168178e-31 3.238882134592737025e-31 9.162779170066204472e-32 1.552751302329650735e-32 1.015354651016773328e-33 1.053433368607377327e-28 5.658937135375297291e-29 3.271047076517370746e-29 1.811496549348255461e-29 9.289995534472703045e-30 4.572266260411820974e-30 2.126001077369688283e-30 9.078234564585029370e-31 3.353636370999615280e-31 9.471485373071592564e-32 1.601487292643629643e-32 1.045112439060491962e-33 1.058832612910098365e-28 5.693112294011333193e-29 3.294661706672062226e-29 1.826929166142025265e-29 9.381634324263196320e-30 4.622951777510034686e-30 2.151452931761579296e-30 9.190729912146973648e-31 3.394887016920579186e-31 9.582946241347671049e-32 1.619152192066023813e-32 1.055923122651720955e-33
4.611162923260364797e-29 2.480466938593968632e-29 1.446936705847556231e-29 8.118641698250204403e-30 4.217128724516947621e-30 2.091636295354793742e-30 9.722668408199285192e-31 4.124415286722192173e-31 1.510363618281830136e-31 4.235073997905314187e-32 7.136194713767564767e-33 4.657930311049849866e-34 4.851148333717810138e-29 2.634027961128781236e-29 1.555671648768007836e-29 8.853992428646133385e-30 4.670031655161474248e-30 2.349338493381404450e-30 1.103387957011457454e-30 4.701859453303506978e-31 1.718526194178809550e-31 4.784711964807487690e-32 7.990129361058450103e-33 5.175072943179764985e-34 4.905483440351399282e-29 2.670035094451902005e-29 1.581887437275999416e-29 9.034887839311727299e-30 4.783353185926896951e-30 2.414972750037556638e-30 1.137469975628763414e-30 4.855363635671497071e-31 1.775038115645715686e-31 4.935944550421317075e-32 8.225348056425618855e-33 5.316066592956854520e-34 4.983977321995339238e-29 2.721528833590515576e-29 1.619079319046452770e-29 9.289995534472662407e-30 4.942380283877919070e-30 2.506667454306872925e-30 1.184872827558012138e-30 5.067932911960397435e-31 1.853009236080988007e-31 5.144236387870422322e-32 8.549565304232842191e-33 5.510937716050261515e-34 5.012987669020771919e-29 2.740354267203769300e-29 1.632542157329478822e-29 9.381634324263321036e-30 4.999191324518505851e-30 2.539324764394757971e-30 1.201745195946787773e-30 5.143711622553918066e-31 1.880896652554694531e-31 5.219038177879818165e-32 8.666413853724786738e-33 5.581312419781545502e-34
2.165836712099711262e-29 1.166323711151864488e-29 6.869679008672307052e-30 3.926801400089689373e-30 2.091636295354788137e-30 1.063701173574802947e-30 5.031753069117077579e-31 2.148105610244305614e-31 7.836982800575419623e-32 2.174569381289412710e-32 3.618996501510851538e-33 2.338880498853748542e-34 2.289273055605186900e-29 1.246372586089017937e-29 7.448069104197095469e-30 4.329783526570406629e-30 2.349338493381404450e-30 1.216105964047614468e-30 5.833378398103298618e-31 2.509296796621194594e-31 9.152685995657750122e-32 2.521322497198879995e-32 4.151338052787160938e-33 2.655821869436249932e-34 2.317853334201745926e-29 1.265534991387126284e-29 7.590116665248490128e-30 4.430659692032781378e-30 2.414972750037567848e-30 1.255673265053475596e-30 6.046302430042243190e-31 2.607744923256980351e-31 9.520311139583772948e-32 2.619883893739383047e-32 4.303268162933995405e-33 2.745486283197530778e-34 2.358879632007253311e-29 1.292782882733492870e-29 7.790629223847619520e-30 4.572266260411793649e-30 2.506667454306893244e-30 1.310696802995397235e-30 6.340983398188862767e-31 2.743319794064223846e-31 1.002438518423736045e-31 2.754694381303989460e-32 4.511110968685511104e-33 2.868439592153674812e-34 2.373960371019792421e-29 1.302695784433391985e-29 7.862906753191146365e-30 4.622951777510017871e-30 2.539324764394778290e-30 1.330242612997543970e-30 6.445628132350215165e-31 2.791550153780305227e-31 1.020431392376338005e-31 2.803008730613898198e-32 4.585870183504134641e-33 2.912741921820910316e-34
1.012693112523407949e-29 5.396306575263195487e-30 3.152566282085342256e-30 1.804316649135545306e-30 9.722668408199362264e-31 5.031753069117101225e-31 2.423401891947681891e-31 1.047542433967154039e-31 3.838919727265011513e-32 1.062483518675313330e-32 1.756291347852905325e-33 1.126459960521033477e-34 1.072688775842810583e-29 5.785696040454705259e-30 3.434825034733031698e-30 2.003918292806965058e-30 1.103387957011457454e-30 5.833378398103298618e-31 2.859739594307956114e-31 1.249839618055099163e-31 4.589093520593596134e-32 1.261274300095134723e-32 2.059719382212722999e-33 1.304640415203118623e-34 1.086837297664891001e-29 5.880667992717615355e-30 3.505430079481765242e-30 2.054832854138617127e-30 1.137469975628778128e-30 6.046302430042232680e-31 2.978734701771477136e-31 1.306707344954939223e-31 4.806366180157776043e-32 1.320120996943236752e-32 2.150219541744877005e-33 1.357405504913319758e-34 1.107053685246825617e-29 6.015105465303180789e-30 3.604669049806767714e-30 2.126001077369685130e-30 1.184872827558005306e-30 6.340983398188778689e-31 3.142534594234251283e-31 1.384543614021322809e-31 5.102229080437247234e-32 1.399996809241272284e-32 2.273012629506038307e-33 1.429146730967493214e-34 1.114476461786661575e-29 6.063960980011973162e-30 3.640406573643232774e-30 2.151452931761592958e-30 1.201745195946806341e-30 6.445628132350261583e-31 3.200707017144708233e-31 1.412247914381199043e-31 5.207934260375659473e-32 1.428658520882040946e-32 2.317653394510639695e-33 1.455030137019926945e-34
4.512218825313513651e-30 2.366510971661197260e-30 1.356962839500139073e-30 7.671903252649879109e-31 4.124415286722220199e-31 2.148105610244285908e-31 1.047542433967152506e-31 4.588343315207417046e-32 1.697347404250103341e-32 4.716475091877401454e-33 7.792125833721009594e-34 4.981764308079516217e-35 4.776768323294062964e-30 2.536835308533154067e-30 1.479328170973837637e-30 8.538620084417522590e-31 4.701859453303506978e-31 2.509296796621194594e-31 1.249839618055099163e-31 5.553173528094653701e-32 2.062931605803457004e-32 5.695787578996237052e-33 9.286928053892720960e-34 5.852112931945736894e-35 4.840132168591765969e-30 2.579107719666321535e-30 1.510509655750733583e-30 8.764186975163213720e-31 4.855363635671483934e-31 2.607744923256990423e-31 1.306707344954939223e-31 5.834329443257053130e-32 2.173390686254689347e-32 6.000013564434106072e-33 9.756760393853080586e-34 6.124206722892420158e-35 4.930385000159732605e-30 2.638738352056476534e-30 1.554176102563112096e-30 9.078234564585008351e-31 5.067932911960410572e-31 2.743319794064219467e-31 1.384543614021312518e-31 6.216646436573321165e-32 2.322691774826162383e-32 6.409590517143395983e-33 1.038873464844748914e-33 6.490881786831761534e-35 4.963602337515853474e-30 2.660454137823987887e-30 1.569930008157149921e-30 9.190729912146940368e-31 5.143711622553893543e-31 2.791550153780275012e-31 1.412247914381201671e-31 6.353105079206017605e-32 2.376219747051727970e-32 6.557172689929516940e-33 1.061734780923897872e-33 6.623855587856518028e-35
1.764419078798764606e-30 9.116986032460749024e-31 5.124491743304662263e-31 2.844225928000235104e-31 1.510363618281816999e-31 7.836982800575413055e-32 3.838919727264993450e-32 1.697347404250103341e-32 6.343041719782679234e-33 1.776392385698920415e-33 2.947393251186569812e-34 1.886552670896568063e-35 1.863181085423450384e-30 9.744722598871238387e-31 5.568668052295890498e-31 3.156205871422468223e-31 1.718526194178809550e-31 9.152685995657750122e-32 4.589093520593596134e-32 2.062931605803457004e-32 7.756062623930541820e-33 2.159843796719558094e-33 3.535129398012560003e-34 2.227669052684070446e-35 1.887085044630629654e-30 9.902638076283799169e-31 5.683650489215581458e-31 3.238882134592719946e-31 1.775038115645713497e-31 9.520311139583778422e-32 4.806366180157787538e-32 2.173390686254689621e-32 8.201921560781352871e-33 2.285099542904558439e-33 3.730313677318636109e-34 2.340553407985113873e-35 1.921083487830042068e-30 1.012494047476727727e-30 5.844262342274908896e-31 3.353636370999610025e-31 1.853009236080984284e-31 1.002438518423728381e-31 5.102229080437276792e-32 2.322691774826185647e-32 8.800424289781522784e-33 2.452455823136408989e-33 3.990780876715916885e-34 2.491465438963207395e-35 1.933657604290059211e-30 1.020625716166605958e-30 5.902437849136997888e-31 3.394887016920594513e-31 1.880896652554717521e-31 1.020431392376335597e-31 5.207934260375667137e-32 2.376219747051724412e-32 9.016158793992964063e-33 2.513144731368573263e-33 4.085708717331864037e-34 2.546617576459256067e-35
5.254623814644045784e-31 2.686817500449243772e-31 1.487219623071921860e-31 8.108536622224818739e-32 4.235073997905342103e-32 2.174569381289414352e-32 1.062483518675319625e-32 4.716475091877413086e-33 1.776392385698920757e-33 5.018187427273255176e-34 8.384371859744636919e-35 5.389186602977487914e-36 5.530145318211879455e-31 2.859505219898244218e-31 1.607387045304479625e-31 8.940128479290208689e-32 4.784711964807487690e-32 2.521322497198879995e-32 1.261274300095134723e-32 5.695787578996237052e-33 2.159843796719558094e-33 6.070285061776460883e-34 1.000685853792474536e-34 6.331898690769163640e-36 5.596873151451382481e-31 2.903133265475821407e-31 1.638723907161899865e-31 9.162779170066275631e-32 4.935944550421318169e-32 2.619883893739384689e-32 1.320120996943234289e-32 6.000013564434112230e-33 2.285099542904563912e-33 6.428442256979644216e-34 1.057104954464294254e-34 6.659082527536985761e-36 5.691885583848960171e-31 2.964569130340679860e-31 1.682479187945150969e-31 9.471485373071640734e-32 5.144236387870470492e-32 2.754694381303983439e-32 1.399996809241273105e-32 6.409590517143385036e-33 2.452455823136419936e-33 6.904540291673531474e-34 1.132001170058779036e-34 7.094271966945794540e-36 5.727234939068085495e-31 2.987165800733354881e-31 1.698406657453909400e-31 9.582946241347619595e-32 5.219038177879812691e-32 2.803008730613911335e-32 1.428658520882038209e-32 6.557172689929544309e-33 2.513144731368581132e-33 7.078434904737221983e-34 1.159524310959245540e-34 7.254755617183911343e-36
9.228131434485410692e-32 4.692233728440203565e-32 2.574403206693775647e-32 1.386335853887689228e-32 7.136194713767597610e-33 3.618996501510868644e-33 1.756291347852904299e-33 7.792125833721054069e-34 2.947393251186568529e-34 8.384371859744612330e-35 1.410807410825028109e-35 9.116367595805669901e-37 9.681882314280531790e-32 4.973348559227724525e-32 2.767291646683635099e-32 1.517650984801647308e-32 7.990129361058450103e-33 4.151338052787160938e-33 2.059719382212722999e-33 9.286928053892720960e-34 3.535129398012560003e-34 1.000685853792474536e-34 1.662459009174975938e-35 1.058447375016778107e-36 9.790590961214264093e-32 5.043837545692644775e-32 2.817370343149845635e-32 1.552751302329660040e-32 8.225348056425681804e-33 4.303268162934004984e-33 2.150219541744881452e-33 9.756760393853053217e-34 3.730313677318642096e-34 1.057104954464295751e-34 1.752137969154252302e-35 1.110704382574217597e-36 9.945952231731981141e-32 5.143382446845983340e-32 2.887441404396130425e-32 1.601487292643649075e-32 8.549565304232922930e-33 4.511110968685492629e-33 2.273012629506035228e-33 1.038873464844746348e-33 3.990780876715922872e-34 1.132001170058778394e-34 1.871047612636323682e-35 1.180158595316447993e-36 1.000405849468774167e-31 5.180172606012432792e-32 2.913058834275382157e-32 1.619152192066024634e-32 8.666413853724790844e-33 4.585870183504127114e-33 2.317653394510650985e-33 1.061734780923896675e-33 4.085708717331877722e-34 1.159524310959246823e-34 1.915061073779011207e-35 1.205976935870496798e-36
6.152427837705285906e-33 3.121501491372764058e-33 1.706240340217653203e-33 9.131161342530740227e-34 4.657930311049849866e-34 2.338880498853751535e-34 1.126459960521031339e-34 4.981764308079541876e-35 1.886552670896568330e-35 5.389186602977497937e-36 9.116367595805664890e-37 5.918462801614305123e-38 6.440257585223224742e-33 3.298511722567295931e-33 1.826602951892478279e-33 9.939898820044437264e-34 5.175072943179764985e-34 2.655821869436249932e-34 1.304640415203118623e-34 5.852112931945736894e-35 2.227669052684070446e-35 6.331898690769163640e-36 1.058447375016778107e-36 6.779686505358106420e-38 6.507974195847826031e-33 3.342198520479169163e-33 1.857431799337689621e-33 1.015354651016772644e-33 5.316066592956863073e-34 2.745486283197541897e-34 1.357405504913310992e-34 6.124206722892422296e-35 2.340553407985110398e-35 6.659082527536975070e-36 1.110704382574218432e-36 7.085704181894940650e-38 6.605235064480407723e-33 3.404156730671547379e-33 1.900724633281042074e-33 1.045112439060494870e-33 5.510937716050270067e-34 2.868439592153695766e-34 1.429146730967484875e-34 6.490881786831766879e-35 2.491465438963191358e-35 7.094271966945793203e-36 1.180158595316449329e-36 7.493605275913244278e-38 6.641738292865795413e-33 3.427124223357830966e-33 1.916593008849097362e-33 1.055923122651719416e-33 5.581312419781542080e-34 2.912741921820920152e-34 1.455030137019926303e-34 6.623855587856528719e-35 2.546617576459248584e-35 7.254755617183920698e-36 1.205976935870495294e-36 7.645984620962340618e-38
8.057142524706889112e-28 3.949710974186754706e-28 2.015797949895779575e-28 9.926798607352790756e-29 4.658023385764464466e-29 2.189705020986797367e-29 1.024107745722809561e-29 4.561728173682436700e-30 1.782675705297345453e-30 5.305229739083847224e-31 9.311341422360651349e-32 6.205253985437346006e-33 8.309951540580244399e-28 4.088955686305387537e-28 2.097416582632120535e-28 1.038960658125119278e-28 4.905483440351399282e-29 2.317853334201745926e-29 1.086837297664891001e-29 4.840132168591765969e-30 1.887085044630629654e-30 5.596873151451382481e-31 9.790590961214264093e-32 6.507974195847826031e-33 8.358637238346827447e-28 4.117275718960021554e-28 2.114852618909953534e-28 1.049236582298264363e-28 4.962146100599056445e-29 2.347962748573080402e-29 1.101928070741070493e-29 4.908671882038678106e-30 1.913305136232934846e-30 5.670833128281245852e-31 9.911498246678673208e-32 6.582991421574300247e-33 8.432544336364959925e-28 4.159560553417473333e-28 2.140506132735811007e-28 1.064181613121935667e-28 5.043813919506910175e-29 2.391057636382784801e-29 1.123408828979249130e-29 5.005810546853419316e-30 1.950362355268968565e-30 5.775371770817575778e-31 1.008297647555214395e-31 6.689964884009971928e-33 8.461260834753323887e-28 4.175752932069386395e-28 2.150189484636973865e-28 1.069755238583297593e-28 5.073992233655592449e-29 2.406900159625803374e-29 1.131299720136070946e-29 5.041604769480358211e-30 1.964098862414825682e-30 5.814408201241278362e-31 1.014743584355020402e-31 6.730347140421818420e-33
3.949710974186741701e-28 1.990268656957953795e-28 1.046182314831315641e-28 5.277042400981483300e-29 2.511258575320185555e-29 1.182204129392614294e-29 5.472361281125552859e-30 2.399275055485858559e-30 9.236441890975531233e-31 2.719529920804651041e-31 4.745512227419660260e-32 3.155140202436337675e-33 4.088955686305392022e-28 2.070220932719461085e-28 1.095259929180123523e-28 5.566235332129913416e-29 2.670035094451902005e-29 1.265534991387126284e-29 5.880667992717615355e-30 2.579107719666321535e-30 9.902638076283799169e-31 2.903133265475821407e-31 5.043837545692644775e-32 3.342198520479169163e-33 4.117275718960021554e-28 2.087297546666190631e-28 1.106210556999294364e-28 5.632951646269348828e-29 2.707651786984539238e-29 1.285750311545336353e-29 5.982078117365573462e-30 2.624885502103220527e-30 1.007611571786571966e-30 2.951594085747972340e-31 5.122458228864746474e-32 3.390752574362188743e-33 4.159560553417476023e-28 2.112425738971986438e-28 1.122118537362268729e-28 5.728915051738223313e-29 2.761342085919035888e-29 1.314425027028550181e-29 6.125170958755715429e-30 2.689188066639639458e-30 1.031901278469558279e-30 3.019410087045706615e-31 5.232773905203090131e-32 3.459203981702779514e-33 4.175752932069363975e-28 2.121917498274181729e-28 1.128047472177519514e-28 5.764292902131929367e-29 2.780974328374504805e-29 1.324862401406604269e-29 6.177225795426357160e-30 2.712649677001968945e-30 1.040815031391719423e-30 3.044476514695582949e-31 5.273811150439376552e-32 3.484767727100444698e-33
