# Created by Tilman Tröster (tilman@troester.space) on 2021-07-27 20:02:50 using covariance_NG.py
# Covariance TETE m_correction, sigma_m=[0.019, 0.020, 0.017, 0.012, 0.010]
7.398800471513558208e-30 5.109658953046663447e-30 3.580137863056466796e-30 2.483102350947647817e-30 1.662063663107219958e-30 1.049907479732565187e-30 6.047416793947916827e-31 3.006584325911310240e-31 1.189633734223266481e-31 3.260398086821059345e-32 4.853796576434636281e-33 2.561604423898398101e-34 1.261969379718778657e-29 8.581537530040486333e-30 5.959316742573106548e-30 4.151053363470536872e-30 2.843607039128108124e-30 1.877146150313374356e-30 1.151171876970778691e-30 6.166605011513787587e-31 2.632948347799681779e-31 7.701373804431368238e-32 1.196996051307091840e-32 6.441286295926766600e-34 1.415587728339480864e-29 9.630093017126479739e-30 6.616301843661473118e-30 4.565741267548980446e-30 3.113103266433368307e-30 2.068243844013000738e-30 1.295553637806074734e-30 7.207639221686634805e-31 3.245077247477010653e-31 1.011331150760619539e-31 1.679036716577160735e-32 9.590177584900346062e-34 1.416660019130716423e-29 9.702739863480676709e-30 6.628689270484448828e-30 4.510130781237143251e-30 3.045353045412403740e-30 2.020014606621509414e-30 1.280897531453572833e-30 7.333097865140228479e-31 3.452723842396702129e-31 1.139864356968022991e-31 2.017738375842002894e-32 1.223348934160279198e-33 1.449329477700347708e-29 1.000395131047049101e-29 6.870280144316819709e-30 4.643126656863139532e-30 3.101599264421133043e-30 2.037831892079206417e-30 1.286824204248625955e-30 7.402774063594289563e-31 3.542213701920709507e-31 1.202698173739067187e-31 2.213828454993444871e-32 1.410524601860743104e-33
5.109658953046663447e-30 3.528763171404855753e-30 2.472466118736353236e-30 1.714846373773794660e-30 1.147831801847743536e-30 7.250728242153448690e-31 4.176384737359936069e-31 2.076366375621397670e-31 8.215686697220472355e-32 2.251651783145523123e-32 3.352062976766954233e-33 1.769060407714821892e-34 8.715241294014378615e-30 5.926464734398666424e-30 4.115542278098552541e-30 2.866744016803133310e-30 1.963813218422297266e-30 1.296369143897683839e-30 7.950066649730835153e-31 4.258696883136526281e-31 1.818330978114877618e-31 5.318618033028500106e-32 8.266531330140867067e-33 4.448393535930302107e-34 9.776139440145141789e-30 6.650603863840430360e-30 4.569260393179403702e-30 3.153130137087454911e-30 2.149929037596554300e-30 1.428342434065233924e-30 8.947176329535182014e-31 4.977641770610885393e-31 2.241071113451305254e-31 6.984317645643805809e-32 1.159553501190377635e-32 6.623038010912752159e-34 9.783544748968918222e-30 6.700774240824308311e-30 4.577815229414671988e-30 3.114725179370243804e-30 2.103140301402963013e-30 1.395035014087515159e-30 8.845960321171132014e-31 5.064284312632106852e-31 2.384473180703431799e-31 7.871976192985466568e-32 1.393463034544819340e-32 8.448526025534826742e-34 1.000916212047962247e-29 6.908792793669105797e-30 4.744659432904783279e-30 3.206572982163016956e-30 2.141984300188915645e-30 1.407339745443419046e-30 8.886890302761547208e-31 5.112403141165972708e-31 2.446275450366502624e-31 8.305910552554133855e-32 1.528884098053351541e-32 9.741173164676441531e-34
3.580137863056466796e-30 2.472466118736353236e-30 1.732360153222039495e-30 1.201525676857943783e-30 8.042407784897626765e-31 5.080301239868161854e-31 2.926229180129176184e-31 1.454828579998889798e-31 5.756409828133539059e-32 1.577644198435464175e-32 2.348659214391905476e-33 1.239511326664487058e-34 6.106428164597929298e-30 4.152441676569912973e-30 2.883599252362026671e-30 2.008615230988734876e-30 1.375966991897245440e-30 9.083150752750073443e-31 5.570300266234600425e-31 2.983902076185866041e-31 1.274033285222690468e-31 3.726547304654591654e-32 5.792034670637553193e-33 3.116815089637993537e-34 6.849757936058407514e-30 4.659817597205360710e-30 3.201501761684498276e-30 2.209274766606547890e-30 1.506371055507446019e-30 1.000783589785014650e-30 6.268935958184086849e-31 3.487638594953544299e-31 1.570230737666976357e-31 4.893637771239805037e-32 8.124537140342976538e-33 4.640503283921303895e-34 6.854946545856291882e-30 4.694970014987901292e-30 3.207495800308126647e-30 2.182365917206631024e-30 1.473588020954551472e-30 9.774463853886519832e-31 6.198017866150663423e-31 3.548345630020274166e-31 1.670706948570209255e-31 5.515585342302001619e-32 9.763449609036773205e-33 5.919551224255450133e-34 7.013027799758204639e-30 4.840720466065231903e-30 3.324396997753072626e-30 2.246720074585546265e-30 1.500804489232378273e-30 9.860678286252388440e-31 6.226695900863464141e-31 3.582060608171075987e-31 1.714009377886290589e-31 5.819626149144234947e-32 1.071229195130932401e-32 6.825258436603376734e-34
2.483102350947647817e-30 1.714846373773794660e-30 1.201525676857943783e-30 8.333509342522397462e-31 5.578031473042184863e-31 3.523581614666976279e-31 2.029566132513976407e-31 1.009036077771872750e-31 3.992515183494510636e-32 1.094218202745292172e-32 1.628976715397346046e-33 8.596969186653584421e-35 4.235279956079975406e-30 2.880039284426046779e-30 1.999998982334746670e-30 1.393129927672485010e-30 9.543394704609241161e-31 6.299867170173795084e-31 3.863433816138853299e-31 2.069566744016144927e-31 8.836405654561021872e-32 2.584648616074673771e-32 4.017223765554067548e-33 2.161752192956581010e-34 4.750836611618124761e-30 3.231943705298968812e-30 2.220488946259449889e-30 1.532302826508083734e-30 1.044784768745379669e-30 6.941207796013304585e-31 4.347991672705491624e-31 2.418946958369772577e-31 1.089076394645429085e-31 3.394116070177745472e-32 5.634994529602821694e-33 3.218547736049439274e-34 4.754435313589974550e-30 3.256324624295982715e-30 2.224646275381211112e-30 1.513639459408252115e-30 1.022047200170298773e-30 6.779346243978876080e-31 4.298804493946241737e-31 2.461051979812875597e-31 1.158764413669124145e-31 3.825484786954550035e-32 6.771707013779800773e-33 4.105666352455740885e-34 4.864076882775099883e-30 3.357413828557190992e-30 2.305726292215066508e-30 1.558274042095639131e-30 1.040923924740750760e-30 6.839142617158355294e-31 4.318694927817724152e-31 2.484435923311892741e-31 1.188797995656581036e-31 4.036360588706339507e-32 7.429802523198030919e-33 4.733844314946652264e-34
1.662063663107219958e-30 1.147831801847743536e-30 8.042407784897626765e-31 5.578031473042184863e-31 3.733653354833990877e-31 2.358508083042011175e-31 1.358489358860767001e-31 6.753979347604505300e-32 2.672388598221735700e-32 7.324145593915483825e-33 1.090354976981278165e-33 5.754378224697919088e-35 2.834883111201758914e-30 1.927753256380680867e-30 1.338698597551319948e-30 9.324910146728159881e-31 6.387867803825096573e-31 4.216813818388082997e-31 2.585988031533795657e-31 1.385263753744026892e-31 5.914644938142016689e-32 1.730033619048613373e-32 2.688927278712461761e-33 1.446968050746786676e-34 3.179970772657204767e-30 2.163300353582074134e-30 1.486283475387391619e-30 1.025646344317471020e-30 6.993263081712522802e-31 4.646094935002339890e-31 2.910326658076987550e-31 1.619121274222053769e-31 7.289728919942332591e-32 2.271850367528262497e-32 3.771781556199844664e-33 2.154333766395989363e-34 3.182379562524236825e-30 2.179619712920054192e-30 1.489066182135753992e-30 1.013154026279906855e-30 6.841069248455394992e-31 4.537752963521424603e-31 2.877403237713220455e-31 1.647304255140349114e-31 7.756185423956372352e-32 2.560586862535122248e-32 4.532639647542665950e-33 2.748126292359391565e-34 3.255768107317448956e-30 2.247283735335745312e-30 1.543337062163008179e-30 1.043030168104809446e-30 6.967420536291186468e-31 4.577777644344300778e-31 2.890716892451862498e-31 1.662956289288291472e-31 7.957215096677086448e-32 2.701736504387980173e-32 4.973135639437902254e-33 3.168596985008212489e-34
1.049907479732565187e-30 7.250728242153448690e-31 5.080301239868161854e-31 3.523581614666976279e-31 2.358508083042011175e-31 1.489843820281979152e-31 8.581429043088382998e-32 4.266415055216687936e-32 1.688118716692036241e-32 4.626582851421205923e-33 6.887653411278646852e-34 3.634977933411930537e-35 1.790764727419617678e-30 1.217740696628369586e-30 8.456412963442279793e-31 5.890443987314590531e-31 4.035146387979335780e-31 2.663715275676346220e-31 1.633540421508557166e-31 8.750559973973995466e-32 3.736216667482165401e-32 1.092843359220207937e-32 1.698566020689801353e-33 9.140339285036751934e-35 2.008752837603167822e-30 1.366533227666985336e-30 9.388690532436416193e-31 6.478896039674792532e-31 4.417567979015455283e-31 2.934887472774178036e-31 1.838421592749178351e-31 1.022781241256336343e-31 4.604842214023252766e-32 1.435103086991216145e-32 2.382593251794164046e-33 1.360869132383929205e-34 2.010274443877727001e-30 1.376841988885768710e-30 9.406268587319979878e-31 6.399983429779232363e-31 4.321428795268965929e-31 2.866449031605124840e-31 1.817624227362056468e-31 1.040584122772896762e-31 4.899497697687869996e-32 1.617494780226801933e-32 2.863219005697273451e-33 1.735961391637570141e-34 2.056633186816029884e-30 1.419584613503537699e-30 9.749091814474591073e-31 6.588707757636056247e-31 4.401243525063754242e-31 2.891732185736107650e-31 1.826034317783349562e-31 1.050471341950911087e-31 5.026485948332303874e-32 1.706657468776192731e-32 3.141475517134638409e-33 2.001568140054794298e-34
6.047416793947916827e-31 4.176384737359936069e-31 2.926229180129176184e-31 2.029566132513976407e-31 1.358489358860767001e-31 8.581429043088382998e-32 4.942862024800890272e-32 2.457434636187338946e-32 9.723482949280084260e-33 2.664889561640505208e-33 3.967255373861034286e-34 2.093729878536036078e-35 1.031471905444989479e-30 7.014128084257537529e-31 4.870853361736794940e-31 3.392867522171523696e-31 2.324224991607859805e-31 1.534287239912221347e-31 9.409114583258260508e-32 5.040280630874088601e-32 2.152042904439072293e-32 6.294725403219499093e-33 9.783658919893855181e-34 5.264791647049988101e-35 1.157032012773757435e-30 7.871165936055815764e-31 5.407840775979444617e-31 3.731813085716100200e-31 2.544497996291015107e-31 1.690481126558204890e-31 1.058922031604135555e-31 5.891170959639193027e-32 2.652367058634335830e-32 8.266125041349193577e-33 1.372362300696931624e-33 7.838541018528796619e-35 1.157908450699591384e-30 7.930543906898683685e-31 5.417965651395598728e-31 3.686359800398214446e-31 2.489122286948220566e-31 1.651060912256771920e-31 1.046942848758044296e-31 5.993714704437865719e-32 2.822087205860654885e-32 9.316692458042364326e-33 1.649200432805286529e-33 9.999054465359492921e-35 1.184610864579223825e-30 8.176739377376470854e-31 5.615430188154427804e-31 3.795064109276803261e-31 2.535095189007015751e-31 1.665623887932935729e-31 1.051787020557382602e-31 6.050664613317262964e-32 2.895231829973327726e-32 9.830265273300791065e-33 1.809474850577823877e-33 1.152893661399735571e-34
3.006584325911310240e-31 2.076366375621397670e-31 1.454828579998889798e-31 1.009036077771872750e-31 6.753979347604505300e-32 4.266415055216687936e-32 2.457434636187338946e-32 1.221758762602009361e-32 4.834208129631220128e-33 1.324898788906265778e-33 1.972393871689990527e-34 1.040936262537497277e-35 5.128152017953152284e-31 3.487202598499227766e-31 2.421634206834593381e-31 1.686826402020655131e-31 1.155531141272238652e-31 7.627990800274150897e-32 4.677914122777008265e-32 2.505868085385833980e-32 1.069927654341678317e-32 3.129538343078276436e-33 4.864125718613167284e-34 2.617487860444899687e-35 5.752397151895654206e-31 3.913294706869886593e-31 2.688607362131138809e-31 1.855339414007881740e-31 1.265043911082406922e-31 8.404537394289225863e-32 5.264625361640940882e-32 2.928903839775202094e-32 1.318672996548575510e-32 4.109655879881711605e-33 6.822951225846194026e-34 3.897074629932399886e-35 5.756754524010444860e-31 3.942815555609674371e-31 2.693641129897646423e-31 1.832741478417482865e-31 1.237512860152878298e-31 8.208552558976792445e-32 5.205068654026001336e-32 2.979885345819316686e-32 1.403052484820772211e-32 4.631964765802040865e-33 8.199302843688252921e-34 4.971213569993975559e-35 5.889510478775865754e-31 4.065216155381408027e-31 2.791814250979128063e-31 1.886785822038790057e-31 1.260369132749296220e-31 8.280955067185586055e-32 5.229152343806550132e-32 3.008199038960201561e-32 1.439417678071867455e-32 4.887296923181275360e-33 8.996136547628952238e-34 5.731822577990479952e-35
1.189633734223266481e-31 8.215686697220472355e-32 5.756409828133539059e-32 3.992515183494510636e-32 2.672388598221735700e-32 1.688118716692036241e-32 9.723482949280084260e-33 4.834208129631220128e-33 1.912780898810321496e-33 5.242308622881240419e-34 7.804292288480673564e-35 4.118736608911006666e-36 2.029087487154733135e-31 1.379802925696516333e-31 9.581829185935882438e-32 6.674369896523646469e-32 4.572161222141343184e-32 3.018214091700332560e-32 1.850939086688742487e-32 9.915122560165952801e-33 4.233448634098871347e-33 1.238283707323805966e-33 1.924618575469785787e-34 1.035677539748136226e-35 2.276086403287787249e-31 1.548397414011893999e-31 1.063817830921061784e-31 7.341135707772966368e-32 5.005477142042957155e-32 3.325475064384510023e-32 2.083086735429278018e-32 1.158897417931733088e-32 5.217674646886793896e-33 1.626092848493251555e-33 2.699679126001688528e-34 1.541979516289806320e-35 2.277810511544337664e-31 1.560078110016689691e-31 1.065809572810246495e-31 7.251721064483376379e-32 4.896543337518918920e-32 3.247928537758089264e-32 2.059521566188089808e-32 1.179069584362888424e-32 5.551544164066145234e-33 1.832758021666819058e-33 3.244268645951837061e-34 1.966990685052803724e-35 2.330338877652975646e-31 1.608509109048615894e-31 1.104654336160469847e-31 7.465561646840480046e-32 4.986980158748138927e-32 3.276576484022311143e-32 2.069050908026464986e-32 1.190272637678425475e-32 5.695432563504064515e-33 1.933786868665238985e-33 3.559556744344555624e-34 2.267945534936307987e-35
3.260398086821059345e-32 2.251651783145523123e-32 1.577644198435464175e-32 1.094218202745292172e-32 7.324145593915483825e-33 4.626582851421205923e-33 2.664889561640505208e-33 1.324898788906265778e-33 5.242308622881240419e-34 1.436745824606867205e-34 2.138901992634590429e-35 1.128811378956158969e-36 5.561067050129769157e-32 3.781589820221691406e-32 2.626066884902946985e-32 1.829227115484413111e-32 1.253080277774752625e-32 8.271940486473526101e-33 5.072820384504751623e-33 2.717411728986354210e-33 1.160250203923751282e-33 3.393731796733430032e-34 5.274751833949159588e-35 2.838454367942993585e-36 6.238010524780719978e-32 4.243652328486836625e-32 2.915577728573564383e-32 2.011965878921915035e-32 1.371838039562565601e-32 9.114042604692594474e-33 5.709061378719529912e-33 3.176159867989552194e-33 1.429994455181762080e-33 4.456590175363837143e-34 7.398940030221704365e-35 4.226062963918110256e-36 6.242735743223520539e-32 4.275665306776863961e-32 2.921036443519286265e-32 1.987460241301819360e-32 1.341982836432149383e-32 8.901512865682223944e-33 5.644476935206123967e-33 3.231445197370462031e-33 1.521497201257650652e-33 5.022992014722895438e-34 8.891482295852370339e-35 5.390879967377760128e-36 6.386698863499579856e-32 4.408398880181810666e-32 3.027497271307409639e-32 2.046066970881240599e-32 1.366768619688913202e-32 8.980027543355018959e-33 5.670593753353338857e-33 3.262149112824221448e-33 1.560932318869664694e-33 5.299879135515962838e-34 9.755584147728860865e-35 6.215699059634218867e-36
4.853796576434636281e-33 3.352062976766954233e-33 2.348659214391905476e-33 1.628976715397346046e-33 1.090354976981278165e-33 6.887653411278646852e-34 3.967255373861034286e-34 1.972393871689990527e-34 7.804292288480673564e-35 2.138901992634590429e-35 3.184210913122395540e-36 1.680476021859035894e-37 8.278832059909976216e-33 5.629701415009908315e-33 3.909459555553301392e-33 2.723193939583163244e-33 1.865476730232993784e-33 1.231454421961812273e-33 7.551972967566139891e-34 4.045445800079438385e-34 1.727279405044557362e-34 5.052292185701478809e-35 7.852590914175044718e-36 4.225643533891503283e-37 9.286606519409861463e-33 6.317579815436430061e-33 4.340458073043926914e-33 2.995239487622256090e-33 2.042272938009188781e-33 1.356819247654166193e-33 8.499153120808740449e-34 4.728390056346783060e-34 2.128851142115974462e-34 6.634583127499063584e-35 1.101489720936224582e-35 6.291394302118150484e-37 9.293641012894959260e-33 6.365237948059467133e-33 4.348584532209257928e-33 2.958757629635478791e-33 1.997827113025753784e-33 1.325179671991033616e-33 8.403005428880130965e-34 4.810694037434492319e-34 2.265072457369706260e-34 7.477792832436594779e-35 1.323686408156269691e-35 8.025472360383064462e-37 9.507960762116163157e-33 6.562840126387031238e-33 4.507074136141708623e-33 3.046006221928079272e-33 2.034726027425876034e-33 1.336868253064261976e-33 8.441885872045253364e-34 4.856403351372257621e-34 2.323780024286210419e-34 7.889998251276909529e-35 1.452326362500566579e-35 9.253391154212256760e-37
2.561604423898398101e-34 1.769060407714821892e-34 1.239511326664487058e-34 8.596969186653584421e-35 5.754378224697919088e-35 3.634977933411930537e-35 2.093729878536036078e-35 1.040936262537497277e-35 4.118736608911006666e-36 1.128811378956158969e-36 1.680476021859035894e-37 8.868758185600193720e-39 4.369176271691836341e-34 2.971090325443649360e-34 2.063227977286465035e-34 1.437173052665009557e-34 9.845104485929018717e-35 6.499034406266290620e-35 3.985574396916435802e-35 2.134995089913042296e-35 9.115764320969612317e-36 2.666361024801488835e-36 4.144226340773192113e-37 2.230094936979257793e-38 4.901032000108658933e-34 3.334120033402911150e-34 2.290688624166029210e-34 1.580745834998358500e-34 1.077815130986622667e-34 7.160650704019493110e-35 4.485451314411246582e-35 2.495420789791771144e-35 1.123507015094387862e-35 3.501419398710587341e-36 5.813142140582746511e-37 3.320300557101861152e-38 4.904744473292804797e-34 3.359271743294218888e-34 2.294977385225692813e-34 1.561492434626230064e-34 1.054358725241449599e-34 6.993671977753048462e-35 4.434709106922018390e-35 2.538856941006330544e-35 1.195398186940641039e-35 3.946425627634307604e-36 6.985791237007237751e-37 4.235464997037957872e-38 5.017852307353930647e-34 3.463556833574550462e-34 2.378620707351377973e-34 1.607538117933337762e-34 1.073832228276847181e-34 7.055358784183389441e-35 4.455228367184892452e-35 2.562980156504238647e-35 1.226381266013166657e-35 4.163968165280551793e-36 7.664692115833295863e-37 4.883502500243610233e-38
1.261969379718778657e-29 8.715241294014378615e-30 6.106428164597929298e-30 4.235279956079975406e-30 2.834883111201758914e-30 1.790764727419617678e-30 1.031471905444989479e-30 5.128152017953152284e-31 2.029087487154733135e-31 5.561067050129769157e-32 8.278832059909976216e-33 4.369176271691836341e-34 2.152466094307325664e-29 1.463701803490209917e-29 1.016445203803998069e-29 7.080204768931730375e-30 4.850171355679698382e-30 3.201736514010709972e-30 1.963485385399683022e-30 1.051801130644465669e-30 4.490863358320337461e-31 1.313577513054967757e-31 2.041644953407998493e-32 1.098651883201669404e-33 2.414483772535960158e-29 1.642547674889677411e-29 1.128503243981875701e-29 7.787513256438082976e-30 5.309835037810862677e-30 3.527680481431247679e-30 2.209748765342878918e-30 1.229364142586197986e-30 5.534935205923103395e-31 1.724967378062803594e-31 2.863833038749964322e-32 1.635739537078479519e-33 2.416312715146189049e-29 1.654938615284016260e-29 1.130616093680186520e-29 7.692661758297258063e-30 5.194277516389896157e-30 3.445418740450956424e-30 2.184750716653810952e-30 1.250762877025525495e-30 5.889105649632761975e-31 1.944198821234348776e-31 3.441536309027146161e-32 2.086593497913396537e-33 2.472035067067421972e-29 1.706314459839555899e-29 1.171822811765069092e-29 7.919504911204394685e-30 5.290213345971002359e-30 3.475808624275898676e-30 2.194859489852609098e-30 1.262647131680421930e-30 6.041743179120741191e-31 2.051370724411374327e-31 3.775995491307444682e-32 2.405847898915079292e-33
8.581537530040486333e-30 5.926464734398666424e-30 4.152441676569912973e-30 2.880039284426046779e-30 1.927753256380680867e-30 1.217740696628369586e-30 7.014128084257537529e-31 3.487202598499227766e-31 1.379802925696516333e-31 3.781589820221691406e-32 5.629701415009908315e-33 2.971090325443649360e-34 1.463701803490209917e-29 9.953341310260851592e-30 6.911944777628001438e-30 4.814621013902810867e-30 3.298172537686124706e-30 2.177217807171098985e-30 1.335192738848246631e-30 7.152369163486278607e-31 3.053838949745173922e-31 8.932478797077040495e-32 1.388342147778008634e-32 7.470959691784103446e-34 1.641876850792401081e-29 1.116951389112754319e-29 7.673952392696708934e-30 5.295598954287113741e-30 3.610749150304427999e-30 2.398863469424247022e-30 1.502654681366066683e-30 8.359818151879772857e-31 3.763819864358051228e-31 1.172997739155938082e-31 1.947439541463306190e-32 1.112321776772278927e-33 1.643120552890265672e-29 1.125377371686928133e-29 7.688320014663439734e-30 5.231098840088032236e-30 3.532168701135886373e-30 2.342924535496535435e-30 1.485655719548877655e-30 8.505332017459760461e-31 4.004659856482331102e-31 1.322077652470537963e-31 2.340284437289187552e-32 1.418907677163493529e-33 1.681012395747874637e-29 1.160313539336981455e-29 7.968530456706034166e-30 5.385354803932345447e-30 3.597406173237569731e-30 2.363590007477751997e-30 1.492529802072772655e-30 8.586146321654904918e-31 4.108455139382590432e-31 1.394955784385629299e-31 2.567720543991288447e-32 1.636004356992370159e-33
5.959316742573106548e-30 4.115542278098552541e-30 2.883599252362026671e-30 1.999998982334746670e-30 1.338698597551319948e-30 8.456412963442279793e-31 4.870853361736794940e-31 2.421634206834593381e-31 9.581829185935882438e-32 2.626066884902946985e-32 3.909459555553301392e-33 2.063227977286465035e-34 1.016445203803998069e-29 6.911944777628001438e-30 4.799893736159534521e-30 3.343439507996880224e-30 2.290365188630133419e-30 1.511935417759784510e-30 9.272040604992680077e-31 4.966852752880321331e-31 2.120691486651626349e-31 6.203022507535354167e-32 9.641128500237833428e-33 5.188093044921727051e-34 1.140176124839973746e-29 7.756497120101182981e-30 5.329058203779794029e-30 3.677447240632990131e-30 2.507429209429709187e-30 1.665853838714084270e-30 1.043495430699166329e-30 5.805347130740645002e-31 2.613726812378381818e-31 8.145702377321426232e-32 1.352369435426383588e-32 7.724347489297099484e-34 1.141039794632086525e-29 7.815010060062264531e-30 5.339035577861953255e-30 3.632656128422745778e-30 2.452860225173714688e-30 1.627007906461250520e-30 1.031690763131272215e-30 5.906396996500919498e-31 2.780974440478031433e-31 9.180964904912856776e-32 1.625174530869287973e-32 9.853386117680977513e-34 1.167353202078925816e-29 8.057618902672920432e-30 5.533623409338857685e-30 3.739776809857885977e-30 2.498163384237900995e-30 1.641358725616877781e-30 1.036464364007697405e-30 5.962517247020553972e-31 2.853053478182211929e-31 9.687055882396474209e-32 1.783114036906626032e-32 1.136098061847103895e-33
4.151053363470536872e-30 2.866744016803133310e-30 2.008615230988734876e-30 1.393129927672485010e-30 9.324910146728159881e-31 5.890443987314590531e-31 3.392867522171523696e-31 1.686826402020655131e-31 6.674369896523646469e-32 1.829227115484413111e-32 2.723193939583163244e-33 1.437173052665009557e-34 7.080204768931730375e-30 4.814621013902810867e-30 3.343439507996880224e-30 2.328924005009029706e-30 1.595388956575891175e-30 1.053161775477651141e-30 6.458581915042097703e-31 3.459737368617275171e-31 1.477200140354945194e-31 4.320810347206040418e-32 6.715675742263660085e-33 3.613845683057555424e-34 7.942071452846113400e-30 5.402906885134501586e-30 3.712037123802703416e-30 2.561582207597811431e-30 1.746588225309417620e-30 1.160376009357514407e-30 7.268627267997196739e-31 4.043803471800333612e-31 1.820631448938847313e-31 5.674013769003023488e-32 9.420136462082964711e-33 5.380512567321147783e-34 7.948087477082357132e-30 5.443664969781487603e-30 3.718987016555755179e-30 2.530382272265352616e-30 1.708577363423394086e-30 1.133317280194270034e-30 7.186400047782012722e-31 4.114191303704922016e-31 1.937130346236216932e-31 6.395141741029204838e-32 1.132040214341543697e-32 6.863527037113474423e-34 8.131377547412483519e-30 5.612657875450036961e-30 3.854530151320207111e-30 2.604998823822671027e-30 1.740133972835638838e-30 1.143313563106864700e-30 7.219651295919890042e-31 4.153282723869602006e-31 1.987338104075325878e-31 6.747667163834367190e-32 1.242055396632070036e-32 7.913665080380520731e-34
2.843607039128108124e-30 1.963813218422297266e-30 1.375966991897245440e-30 9.543394704609241161e-31 6.387867803825096573e-31 4.035146387979335780e-31 2.324224991607859805e-31 1.155531141272238652e-31 4.572161222141343184e-32 1.253080277774752625e-32 1.865476730232993784e-33 9.845104485929018717e-35 4.850171355679698382e-30 3.298172537686124706e-30 2.290365188630133419e-30 1.595388956575891175e-30 1.092893506739581948e-30 7.214501900753896855e-31 4.424339411778694174e-31 2.370033018970720919e-31 1.011930310094209403e-31 2.959896113640956078e-32 4.600457074644006252e-33 2.475602244263494874e-34 5.440578164403523930e-30 3.701167560389334432e-30 2.542866586018810117e-30 1.754767419019752110e-30 1.196469940775643919e-30 7.948954396205830123e-31 4.979246917412470188e-31 2.770137362832706744e-31 1.247191965639316091e-31 3.886884624426323332e-32 6.453100937910069592e-33 3.685826721764873864e-34 5.444699337360800373e-30 3.729088178665041662e-30 2.547627489390392513e-30 1.733394444990445683e-30 1.170431259757085308e-30 7.763593269809390498e-31 4.922918587772220219e-31 2.818355325057482969e-31 1.326997512665214600e-31 4.380880821972528076e-32 7.754844951900012942e-33 4.701740037296075571e-34 5.570259017893858753e-30 3.844853834763480174e-30 2.640478960661154663e-30 1.784509218197422445e-30 1.192048567172437778e-30 7.832071070421435503e-31 4.945696778025503713e-31 2.845134223764981840e-31 1.361391465502950341e-31 4.622372242579625886e-32 8.508484858159250581e-33 5.421118872116392262e-34
1.877146150313374356e-30 1.296369143897683839e-30 9.083150752750073443e-31 6.299867170173795084e-31 4.216813818388082997e-31 2.663715275676346220e-31 1.534287239912221347e-31 7.627990800274150897e-32 3.018214091700332560e-32 8.271940486473526101e-33 1.231454421961812273e-33 6.499034406266290620e-35 3.201736514010709972e-30 2.177217807171098985e-30 1.511935417759784510e-30 1.053161775477651141e-30 7.214501900753896855e-31 4.762498574198593500e-31 2.920632696508794207e-31 1.564526425929994767e-31 6.680040736434494344e-32 1.953911886767673087e-32 3.036892991374000252e-33 1.634215684017728634e-34 3.591480896010323045e-30 2.443246321327095282e-30 1.678618795432893911e-30 1.158372046482990254e-30 7.898239497892479187e-31 5.247331624424959582e-31 3.286942975547850021e-31 1.828646720495895294e-31 8.233070057807448554e-32 2.565843454829559328e-32 4.259876071658503094e-33 2.433119395992392629e-34 3.594201399879204714e-30 2.461677518180047918e-30 1.681761603603294023e-30 1.144263136437472258e-30 7.726350734217833021e-31 5.124969455515884921e-31 3.249759037794552707e-31 1.860476773284746123e-31 8.759889246647450923e-32 2.891944441264600476e-32 5.119194441226167180e-33 3.103752765181903045e-34 3.677086927908940805e-30 2.538097731202982269e-30 1.743055509353465985e-30 1.178005456817660181e-30 7.869052749076087283e-31 5.170173605749049343e-31 3.264795571168083158e-31 1.878154288471171151e-31 8.986933543820139193e-32 3.051359819088856848e-32 5.616693648849041748e-33 3.578635261890704197e-34
1.151171876970778691e-30 7.950066649730835153e-31 5.570300266234600425e-31 3.863433816138853299e-31 2.585988031533795657e-31 1.633540421508557166e-31 9.409114583258260508e-32 4.677914122777008265e-32 1.850939086688742487e-32 5.072820384504751623e-33 7.551972967566139891e-34 3.985574396916435802e-35 1.963485385399683022e-30 1.335192738848246631e-30 9.272040604992680077e-31 6.458581915042097703e-31 4.424339411778694174e-31 2.920632696508794207e-31 1.791096672265487832e-31 9.594558324654408205e-32 4.096577686036219807e-32 1.198248955602289020e-32 1.862394041324797624e-33 1.002193215499875816e-34 2.202498619233612211e-30 1.498336425831586032e-30 1.029423707437120635e-30 7.103790627904447726e-31 4.843645864247572272e-31 3.217959664019223864e-31 2.015738792648432888e-31 1.121429291586215592e-31 5.048982845632929553e-32 1.573519901695577008e-32 2.612396233641887096e-33 1.492126024130287346e-34 2.204166985622944372e-30 1.509639475129313676e-30 1.031351054639081898e-30 7.017266835090556335e-31 4.738233981067087199e-31 3.142920281694219756e-31 1.992935505110336421e-31 1.140949274943346885e-31 5.372058081058750333e-32 1.773503416337619705e-32 3.139378717262321083e-33 1.903396225036191584e-34 2.254997065560927206e-30 1.556504659307664451e-30 1.068939934182380020e-30 7.224193771913911965e-31 4.825746903949765707e-31 3.170642015807514134e-31 2.002156755327774270e-31 1.151790124140911603e-31 5.511294447757296480e-32 1.871265915905018071e-32 3.444473286768850699e-33 2.194620951989699018e-34
6.166605011513787587e-31 4.258696883136526281e-31 2.983902076185866041e-31 2.069566744016144927e-31 1.385263753744026892e-31 8.750559973973995466e-32 5.040280630874088601e-32 2.505868085385833980e-32 9.915122560165952801e-33 2.717411728986354210e-33 4.045445800079438385e-34 2.134995089913042296e-35 1.051801130644465669e-30 7.152369163486278607e-31 4.966852752880321331e-31 3.459737368617275171e-31 2.370033018970720919e-31 1.564526425929994767e-31 9.594558324654408205e-32 5.139619255099042623e-32 2.194457404157707448e-32 6.418787813078065257e-33 9.976484535800068114e-34 5.368555147011749933e-35 1.179835895484002956e-30 8.026298328951666566e-31 5.514423623653194287e-31 3.805363192336935395e-31 2.594647372646447972e-31 1.723798729622187272e-31 1.079792269887436374e-31 6.007279736325120520e-32 2.704642420631119916e-32 8.429041662350247177e-33 1.399410116656691852e-33 7.993030408651599949e-35 1.180729607078536454e-30 8.086846577079625610e-31 5.524748049703121029e-31 3.759014070624081713e-31 2.538180266378668410e-31 1.683601584403183835e-31 1.067576989960563403e-31 6.111844510363469142e-32 2.877707573257624046e-32 9.500314656663558808e-33 1.681704436860645196e-33 1.019612530067267075e-34 1.207958297420245122e-30 8.337894301056528618e-31 5.726104404567213702e-31 3.869860826973785456e-31 2.585059245931279290e-31 1.698451580996284341e-31 1.072516635285544025e-31 6.169916841983211622e-32 2.952293800896158535e-32 1.002400945135991662e-32 1.845137694651424843e-33 1.175615981561749692e-34
2.632948347799681779e-31 1.818330978114877618e-31 1.274033285222690468e-31 8.836405654561021872e-32 5.914644938142016689e-32 3.736216667482165401e-32 2.152042904439072293e-32 1.069927654341678317e-32 4.233448634098871347e-33 1.160250203923751282e-33 1.727279405044557362e-34 9.115764320969612317e-36 4.490863358320337461e-31 3.053838949745173922e-31 2.120691486651626349e-31 1.477200140354945194e-31 1.011930310094209403e-31 6.680040736434494344e-32 4.096577686036219807e-32 2.194457404157707448e-32 9.369649889697490300e-33 2.740622552565906568e-33 4.259648287240577310e-34 2.292205902275903209e-35 5.037531941626318671e-31 3.426979494341396324e-31 2.354487200308135265e-31 1.624771606310762862e-31 1.107833645932711695e-31 7.360083885093475242e-32 4.610376808079492873e-32 2.564921415754013294e-32 1.154798106817858416e-32 3.598938358623968339e-33 5.975045503426694079e-34 3.412775128142289609e-35 5.041347811885306905e-31 3.452831711172702731e-31 2.358895408789038685e-31 1.604981974380718987e-31 1.083723949612745499e-31 7.188454590055073472e-32 4.558221365917525310e-32 2.609567318731141017e-32 1.228691538749830483e-32 4.056338574002324384e-33 7.180354360709536474e-34 4.353428055508695683e-35 5.157605842218195679e-31 3.560021273148814141e-31 2.444868303253416516e-31 1.652310088220502438e-31 1.103739814343683116e-31 7.251859452084718086e-32 4.579312113537716043e-32 2.634362396299039517e-32 1.260537535771339852e-32 4.279939946535926037e-33 7.878163487891040393e-34 5.019514223013389299e-35
7.701373804431368238e-32 5.318618033028500106e-32 3.726547304654591654e-32 2.584648616074673771e-32 1.730033619048613373e-32 1.092843359220207937e-32 6.294725403219499093e-33 3.129538343078276436e-33 1.238283707323805966e-33 3.393731796733430032e-34 5.052292185701478809e-35 2.666361024801488835e-36 1.313577513054967757e-31 8.932478797077040495e-32 6.203022507535354167e-32 4.320810347206040418e-32 2.959896113640956078e-32 1.953911886767673087e-32 1.198248955602289020e-32 6.418787813078065257e-33 2.740622552565906568e-33 8.016320848756246407e-34 1.245947105755429162e-34 6.704702165883004747e-36 1.473478071328228698e-31 1.002391487402329260e-31 6.886874959957090885e-32 4.752456878799959189e-32 3.240413366856900593e-32 2.152824504834868063e-32 1.348535196597129346e-32 7.502395031114312457e-33 3.377784412932441540e-33 1.052689454467740352e-33 1.747700784135425432e-34 9.982367103499888905e-36 1.474594213362622892e-31 1.009953260714649804e-31 6.899768969574740417e-32 4.694572206253023004e-32 3.169892506154657505e-32 2.102622936771963625e-32 1.333279729988360353e-32 7.632984295408303550e-33 3.593922698165418128e-33 1.186479015504892063e-33 2.100253619723122280e-34 1.273377687571790352e-35 1.508599686736558422e-31 1.041306207133107397e-31 7.151239682197118415e-32 4.833006937205286415e-32 3.228438909634507747e-32 2.121168858643798176e-32 1.339448773576843617e-32 7.705509896231365144e-33 3.687072238087996091e-33 1.251882416012321720e-33 2.304362786431986907e-34 1.468207888711194587e-35
1.196996051307091840e-32 8.266531330140867067e-33 5.792034670637553193e-33 4.017223765554067548e-33 2.688927278712461761e-33 1.698566020689801353e-33 9.783658919893855181e-34 4.864125718613167284e-34 1.924618575469785787e-34 5.274751833949159588e-35 7.852590914175044718e-36 4.144226340773192113e-37 2.041644953407998493e-32 1.388342147778008634e-32 9.641128500237833428e-33 6.715675742263660085e-33 4.600457074644006252e-33 3.036892991374000252e-33 1.862394041324797624e-33 9.976484535800068114e-34 4.259648287240577310e-34 1.245947105755429162e-34 1.936529512265201900e-35 1.042087064146164715e-36 2.290172478126719774e-32 1.557980021167174282e-32 1.070401507867463865e-32 7.386567984347826699e-33 5.036454667995195994e-33 3.346055517993064324e-33 2.095978388228073285e-33 1.166069516379336730e-33 5.249965405029843889e-34 1.636156291394998654e-34 2.716386700088082095e-35 1.551522404835331165e-36 2.291907256416664828e-32 1.569733005797681202e-32 1.072405576101232971e-32 7.296599978340875286e-33 4.926846702015423092e-33 3.268029077170072743e-33 2.072267380614034288e-33 1.186366522819027028e-33 5.585901149132141895e-34 1.844100458675168697e-34 3.264346535296665510e-35 1.979163851219569007e-36 2.344760706184299566e-32 1.618463731006918898e-32 1.111490739043871540e-32 7.511763961445126581e-33 5.017843211941079090e-33 3.296854317720871828e-33 2.081855696936904543e-33 1.197638908760600855e-33 5.730680034432112479e-34 1.945754545514068602e-34 3.581585865304918983e-35 2.281981228172552880e-36
6.441286295926766600e-34 4.448393535930302107e-34 3.116815089637993537e-34 2.161752192956581010e-34 1.446968050746786676e-34 9.140339285036751934e-35 5.264791647049988101e-35 2.617487860444899687e-35 1.035677539748136226e-35 2.838454367942993585e-36 4.225643533891503283e-37 2.230094936979257793e-38 1.098651883201669404e-33 7.470959691784103446e-34 5.188093044921727051e-34 3.613845683057555424e-34 2.475602244263494874e-34 1.634215684017728634e-34 1.002193215499875816e-34 5.368555147011749933e-35 2.292205902275903209e-35 6.704702165883004747e-36 1.042087064146164715e-36 5.607688611936090665e-38 1.232389746194886668e-33 8.383816595479487734e-34 5.760054560110805669e-34 3.974866841002182684e-34 2.710221675133244130e-34 1.800582510687783611e-34 1.127889841734198283e-34 6.274864138231993361e-35 2.825116271735524106e-35 8.804499468689704787e-36 1.461744540143532848e-36 8.349066810350929224e-38 1.233323266703437317e-33 8.447061865799348796e-34 5.770838870749243011e-34 3.926453173844999728e-34 2.651239334429699679e-34 1.758594849705588857e-34 1.115130452240795038e-34 6.384086578260554701e-35 3.005890327124863725e-35 9.923490557722154374e-36 1.756613196844040071e-36 1.065029494318994355e-37 1.261764814301607136e-33 8.709292098002769688e-34 5.981164313478621526e-34 4.042237416761509137e-34 2.700206461073204431e-34 1.774106314988528546e-34 1.120290125947661428e-34 6.444745646440915419e-35 3.083798875678881477e-35 1.047051247627012974e-35 1.927326320473794389e-36 1.227981863143086176e-37
1.415587728339480864e-29 9.776139440145141789e-30 6.849757936058407514e-30 4.750836611618124761e-30 3.179970772657204767e-30 2.008752837603167822e-30 1.157032012773757435e-30 5.752397151895654206e-31 2.276086403287787249e-31 6.238010524780719978e-32 9.286606519409861463e-33 4.901032000108658933e-34 2.414483772535960158e-29 1.641876850792401081e-29 1.140176124839973746e-29 7.942071452846113400e-30 5.440578164403523930e-30 3.591480896010323045e-30 2.202498619233612211e-30 1.179835895484002956e-30 5.037531941626318671e-31 1.473478071328228698e-31 2.290172478126719774e-32 1.232389746194886668e-33 2.708396616911877582e-29 1.842493462325150451e-29 1.265874885116491130e-29 8.735479938943830936e-30 5.956196275306672828e-30 3.957101716786193929e-30 2.478739409374396397e-30 1.379013486280798836e-30 6.208697675695524808e-31 1.934946038639846798e-31 3.212444747725197833e-32 1.834856576285551984e-33 2.710448194990146332e-29 1.856392740268582898e-29 1.268244930026314143e-29 8.629082256923459167e-30 5.826572045218539328e-30 3.864826331253868066e-30 2.450698371671435338e-30 1.403017068587255237e-30 6.605980955237272488e-31 2.180864319706976471e-31 3.860471295095311332e-32 2.340592566784292346e-33 2.772953576532358493e-29 1.914022518181344581e-29 1.314467703243761936e-29 8.883538814011030116e-30 5.934186053328105658e-30 3.898915547125204280e-30 2.462037676347729329e-30 1.416347982411552323e-30 6.777198907986165071e-31 2.301082158109673659e-31 4.235643879846897140e-32 2.698709506497253858e-33
9.630093017126479739e-30 6.650603863840430360e-30 4.659817597205360710e-30 3.231943705298968812e-30 2.163300353582074134e-30 1.366533227666985336e-30 7.871165936055815764e-31 3.913294706869886593e-31 1.548397414011893999e-31 4.243652328486836625e-32 6.317579815436430061e-33 3.334120033402911150e-34 1.642547674889677411e-29 1.116951389112754319e-29 7.756497120101182981e-30 5.402906885134501586e-30 3.701167560389334432e-30 2.443246321327095282e-30 1.498336425831586032e-30 8.026298328951666566e-31 3.426979494341396324e-31 1.002391487402329260e-31 1.557980021167174282e-32 8.383816595479487734e-34 1.842493462325150451e-29 1.253428739909468073e-29 8.611612440308346357e-30 5.942654254282800767e-30 4.051937086707350567e-30 2.691974283754400112e-30 1.686260102402361088e-30 9.381282331638859670e-31 4.223711108480743760e-31 1.316323245969356486e-31 2.185392054031289595e-32 1.248233447420686611e-33 1.843889129109349192e-29 1.262884271120038757e-29 8.627735604192461920e-30 5.870273040872259293e-30 3.963755099252118406e-30 2.629200318702450601e-30 1.667184082176258249e-30 9.544576153510698516e-31 4.493978705433136954e-31 1.483618841563864958e-31 2.626237633842993980e-32 1.592280272150117552e-33 1.886410876527191050e-29 1.302089197155053073e-29 8.942184222728956208e-30 6.043377134989089334e-30 4.036963766386903738e-30 2.652390850320505525e-30 1.674898090753482993e-30 9.635264944859479587e-31 4.610456460796836030e-31 1.565401760627021500e-31 2.881463559887973563e-32 1.835903423962114727e-33
