# Created by Tilman Tröster (tilman@troester.space) on 2021-08-21 16:14:06 using add_up_covariance_terms.py
# Covariance total_SSC_mask (gaussian_nka+hmx_cNG_1h+hmx_SSC_mask_wl+m) of Cl_TE (tomographic bins (0, 0), (1, 0), (2, 0), (3, 0), (4, 0))
3.258145942865943336e-25 1.875636344188877807e-26 1.746495645803980016e-26 7.499822985303500366e-27 3.025769396448759906e-27 1.104111726126259862e-27 3.758784247185853708e-28 1.192695713601779302e-28 3.622078482283151386e-29 1.087778582506252153e-29 3.468505612022328771e-30 1.242637390654966885e-30 9.093514663722215920e-26 3.803535142004406244e-26 1.832236524400082825e-26 8.257484896153416668e-27 3.361681688218286503e-27 1.261447454559222967e-27 4.402181962277987208e-28 1.432754171998728357e-28 4.441287975025198968e-29 1.352747646741728718e-29 4.271324717089578668e-30 1.479669525398735889e-30 9.094075061442541402e-26 3.865184261481179827e-26 1.864794910581644244e-26 8.436039588337107647e-27 3.450191804298833924e-27 1.301883307136678697e-27 4.572235585684468390e-28 1.498560117502307257e-28 4.678827982120809311e-29 1.434047084238516527e-29 4.540715792523381302e-30 1.566803906727883362e-30 9.159382993056759368e-26 3.948715227044173231e-26 1.910747661697063881e-26 8.686643347758112438e-27 3.573885925237263967e-27 1.357839631531700301e-27 4.805143349090871028e-28 1.587213107105782017e-28 4.991422598948498629e-29 1.538006563882197029e-29 4.875761540495649274e-30 1.674150324454153706e-30 9.201344288891513704e-26 3.978033654522064034e-26 1.927386833054157276e-26 8.776659770146134702e-27 3.618003679884955364e-27 1.377734503501267357e-27 4.887691281479040461e-28 1.618716408047101916e-28 5.102889617512494287e-29 1.575776044904610244e-29 5.004158027569211297e-30 1.720073363105715720e-30
1.875636344188877807e-26 9.725431497846039153e-26 5.284640385097424650e-27 4.906167235637612352e-27 2.019771776208250023e-27 7.787894950979911318e-28 2.760350689954493782e-28 8.974600757189307767e-29 2.725035879744144925e-29 7.862939071807625994e-30 2.291199185829015371e-30 7.260334078590101631e-31 3.803493592070110117e-26 2.169241736782077686e-26 1.074058447237054438e-26 5.240759446081050002e-27 2.288148539351387796e-27 9.050118172883664632e-28 3.291198001889202347e-28 1.098306098157431778e-28 3.412167050748306801e-29 1.007601531221763533e-29 2.946269000101261532e-30 9.096225052110760424e-31 3.865165774000967086e-26 2.183626327296632096e-26 1.098151341893430959e-26 5.373098656921967380e-27 2.357639174639119972e-27 9.378393385353447032e-28 3.432678145369725933e-28 1.153825544679016581e-28 3.613006412251727378e-29 1.075564073063065016e-29 3.165223665437446773e-30 9.773505244007232839e-31 3.948855937113118638e-26 2.218169941693469848e-26 1.131220425443748719e-26 5.558517398292041507e-27 2.454451899356136082e-27 9.832027564326926339e-28 3.626342119769469999e-28 1.228753789846045252e-28 3.878687041153795860e-29 1.163284755485646729e-29 3.440477078525055489e-30 1.061358043477371797e-30 3.978247794328584699e-26 2.235114040577851795e-26 1.142851377528739415e-26 5.624818343282549047e-27 2.488842146762097576e-27 9.992818183676895954e-28 3.694906277147054699e-28 1.255326858014106777e-28 3.973334896664647168e-29 1.195002540302707281e-29 3.544838365817342887e-30 1.096626291710776565e-30
1.746495645803980016e-26 5.284640385097424650e-27 3.147495302859698265e-26 1.777430998113029693e-27 1.390382647578107483e-27 5.508697917989358187e-28 2.051819769793590866e-28 6.965749820530390240e-29 2.172470325766157418e-29 6.304231961803265017e-30 1.784602967185704443e-30 5.303265028907452702e-31 1.832408436701842204e-26 1.074087025872706649e-26 6.590277869873050242e-27 3.320930924180882846e-27 1.558691273725973466e-27 6.542064392171657027e-28 2.503495831636124825e-28 8.707302326996399364e-29 2.780857621235841161e-29 8.273962855781999868e-30 2.366244233233218290e-30 6.902574024306332291e-31 1.864866770780830197e-26 1.098157151483273963e-26 6.699590385066532354e-27 3.421720831780264877e-27 1.613479325998652511e-27 6.813439420859002067e-28 2.624711090164243468e-28 9.195103341917031412e-29 2.959806783750789597e-29 8.881015106975236665e-30 2.559223161699289069e-30 7.483052797931483666e-31 1.910880187050731198e-26 1.131273410849236795e-26 6.884912619484248054e-27 3.560973569449124066e-27 1.689634914592365391e-27 7.187952450670520687e-28 2.790479150566708214e-28 9.853989940846713265e-29 3.197671730337581828e-29 9.671584403874981656e-30 2.805046627122535656e-30 8.212326455723134911e-31 1.927533738589231568e-26 1.142921377002585323e-26 6.962232549892177746e-27 3.609998182403554828e-27 1.716614625962498949e-27 7.320347379853145402e-28 2.849085856333360144e-28 1.008747462124634973e-28 3.282356599246201707e-29 9.956584230744418664e-30 2.897227169100152136e-30 8.510513385257351310e-31
7.499822985303500366e-27 4.906167235637612352e-27 1.777430998113029693e-27 1.126051587085933494e-26 5.660645320645936138e-28 3.693484707518977929e-28 1.404887202802197782e-28 5.019574658752534505e-29 1.628471641174727192e-29 4.837795181841074358e-30 1.361336150266719292e-30 3.876620046659312113e-31 8.257393108495898260e-27 5.240867484893784868e-27 3.321028904224248929e-27 2.003816852801293569e-27 9.776920985204918688e-28 4.384241311271966944e-28 1.770498222951416624e-28 6.460348225191125505e-29 2.145210608366311637e-29 6.537230665138947317e-30 1.867151300985459635e-30 5.251337609911962692e-31 8.435925279819365381e-27 5.373142458039573098e-27 3.421730592640522333e-27 2.059586957072304356e-27 1.018116597793069667e-27 4.594826694157561695e-28 1.868928872550965061e-28 6.870162482137059158e-29 2.299237209326223365e-29 7.066650091760597180e-30 2.035345944156274676e-30 5.748649983140926489e-31 8.686730873425078608e-27 5.558710526933178207e-27 3.561116832466694730e-27 2.144850878465597205e-27 1.073866305283561479e-27 4.884727832744620841e-28 2.003197424419124879e-28 7.423046710704442202e-29 2.504243943986621100e-29 7.759374175207942204e-30 2.251520716107162360e-30 6.379554047852743547e-31 8.776612714438601254e-27 5.624994152775518382e-27 3.610189467280483562e-27 2.177948034051463825e-27 1.093481523068027182e-27 4.987060347098784442e-28 2.050632363683976432e-28 7.618960766388938861e-29 2.577254649580852161e-29 8.009336056489093324e-30 2.331983974169101947e-30 6.632226207064070961e-31
3.025769396448759906e-27 2.019771776208250023e-27 1.390382647578107483e-27 5.660645320645936138e-28 3.521594653312706236e-27 1.431241190092351160e-28 8.813673922656868592e-29 3.237084643775904953e-29 1.102694418526338860e-29 3.397154189627728214e-30 9.678244315315720822e-31 2.686825566719655846e-31 3.361701501198732246e-27 2.288098595523681026e-27 1.558641077395361081e-27 9.776932415205694482e-28 5.637298800592853570e-28 2.640098629128359344e-28 1.131078938424588664e-28 4.339159017223816128e-29 1.508755134264148598e-29 4.768595507325744467e-30 1.383718484333157193e-30 3.819354195316159192e-31 3.450335834600527144e-27 2.357664246766048754e-27 1.613443884524144292e-27 1.018088179531513916e-27 5.877661983825044577e-28 2.789000092824905340e-28 1.204497427677468628e-28 4.658366718442545420e-29 1.632762614465107083e-29 5.205252185650530228e-30 1.524104077986471823e-30 4.232356906208683028e-31 3.574079115927967696e-27 2.454534967058688105e-27 1.689643314760995287e-27 1.073885049977068652e-27 6.224629958410747961e-28 2.992692662290260746e-28 1.304264902965406361e-28 5.087534452372320517e-29 1.797504732152893734e-29 5.777370515498816584e-30 1.705401396057230782e-30 4.759872380377631790e-31 3.618243799451667638e-27 2.488962800538947028e-27 1.716649525004427434e-27 1.093522011744371661e-27 6.353151879998137208e-28 3.064429144067896945e-28 1.339529636401396302e-28 5.239788707281463369e-29 1.856280862041768839e-29 5.983901002075976004e-30 1.772704233038046441e-30 4.968019601647041916e-31
1.104111726126259862e-27 7.787894950979911318e-28 5.508697917989358187e-28 3.693484707518977929e-28 1.431241190092351160e-28 1.384485853412836782e-27 3.118057218850826838e-29 1.839875534726230607e-29 6.567386641063838909e-30 2.126126835871927794e-30 6.266593769979291343e-31 1.742229478820466283e-31 1.261278690127425236e-27 9.048996094604979633e-28 6.541145825679286641e-28 4.383669941343732458e-28 2.639910979140165419e-28 1.445815967407966866e-28 6.408568482970661098e-29 2.588976063389393217e-29 9.439415423234334724e-30 3.124206445358521967e-30 9.379883665860934840e-31 2.608302932379202192e-31 1.301747271744486158e-27 9.377437068002005109e-28 6.812639523123309568e-28 4.594254052312397641e-28 2.788714838542594220e-28 1.532110452614412977e-28 6.897932842440537049e-29 2.813295933142676638e-29 1.034653943308051694e-29 3.454403071441504225e-30 1.046860940621062272e-30 2.932207375431801000e-31 1.357783418764536870e-27 9.831685996532858995e-28 7.187483600325015241e-28 4.884261647234145388e-28 2.992482229854098066e-28 1.653723039110446738e-28 7.558436751877297896e-29 3.113133558117229034e-29 1.154571148996577175e-29 3.885976188884742447e-30 1.187567816765255463e-30 3.347220029022546106e-31 1.377719103338222284e-27 9.992878225190674974e-28 7.320230526058260929e-28 4.986771853178711138e-28 3.064286934089362732e-28 1.698268247190982482e-28 7.792202463175659124e-29 3.219828628191410356e-29 1.197530348032964987e-29 4.042369031978411242e-30 1.239827380628779367e-30 3.509670805581003676e-31
3.758784247185853708e-28 2.760350689954493782e-28 2.051819769793590866e-28 1.404887202802197782e-28 8.813673922656868592e-29 3.118057218850826838e-29 6.028012415692542954e-28 3.240381955647438062e-30 3.392604394414774366e-30 1.159919270074000953e-30 3.586201298751125959e-31 1.030316341315701089e-31 4.400966552381161613e-28 3.290192108829775883e-28 2.502761582497882625e-28 1.769967360681817668e-28 1.130755739886074584e-28 6.407319286584417219e-29 3.330949643186936319e-29 1.364214529316428191e-29 5.193604382484658219e-30 1.799496246246968073e-30 5.649398126585113140e-31 1.613989651504369621e-31 4.570805681000706474e-28 3.431493386491942743e-28 2.623753008391524152e-28 1.868215359691738347e-28 1.204051396145241606e-28 6.895986211144320978e-29 3.597198806052125365e-29 1.503732726622838654e-29 5.784585378816384727e-30 2.022781623964852644e-30 6.411515973188010555e-31 1.846604709102283074e-31 4.803812982954311842e-28 3.625314864199733728e-28 2.789585879531744658e-28 2.002470160418749518e-28 1.303785782538962763e-28 7.556370257649656057e-29 3.966115275847783912e-29 1.688594668173394467e-29 6.560107415614351086e-30 2.312975796194486599e-30 7.393820135924510128e-31 2.144511191754634667e-31 4.886714455521070441e-28 3.694144649210843441e-28 2.848394852274584774e-28 2.050012835007793884e-28 1.339094621913599984e-28 7.790284626233317035e-29 4.101799463369476402e-29 1.754731811441120018e-29 6.839824707317490735e-30 2.418972376514654787e-30 7.761003596315380536e-31 2.261152032624191576e-31
1.192695713601779302e-28 8.974600757189307767e-29 6.965749820530390240e-29 5.019574658752534505e-29 3.237084643775904953e-29 1.839875534726230607e-29 3.240381955647438062e-30 2.886172290971208656e-28 -6.074201986948599906e-31 5.401593483155153848e-31 1.752349527941281415e-31 5.493288122278350982e-32 1.431231953171277394e-28 1.097201596197243563e-28 8.699331341829370624e-29 6.454918050156555181e-29 4.335879383187885167e-29 2.587327155326644472e-29 1.363633971249122415e-29 6.686513708381915238e-30 2.494664773995720536e-30 8.974238451939726584e-31 2.950990842450191001e-31 8.784064906649507974e-32 1.496481894103232069e-28 1.152321953250040057e-28 9.183818206716255381e-29 6.862124769444304145e-29 4.653267368957966633e-29 2.810577445591612896e-29 1.502705046275311633e-29 7.367847668804488868e-30 2.830286336663168620e-30 1.029143710629715510e-30 3.417555861559712664e-31 1.026155529903271987e-31 1.584996075586589885e-28 1.227174936403785397e-28 9.841984682302100135e-29 7.414137348166605744e-29 5.081625036903471828e-29 3.109834696702479774e-29 1.687326015635868989e-29 8.301451148070869352e-30 3.266221315897516118e-30 1.199026776472626238e-30 4.016130377633277039e-31 1.214984648598798466e-31 1.616572039624913456e-28 1.253851123685734942e-28 1.007637260741571940e-28 7.610485475648741829e-29 5.233977555962689780e-29 3.216489041012425319e-29 1.753430548016870486e-29 8.651612466361837839e-30 3.425040710165457859e-30 1.261875151787958378e-30 4.242839968383291105e-31 1.289605677903707554e-31
3.622078482283151386e-29 2.725035879744144925e-29 2.172470325766157418e-29 1.628471641174727192e-29 1.102694418526338860e-29 6.567386641063838909e-30 3.392604394414774366e-30 -6.074201986948599906e-31 1.364248668293620987e-28 -5.646894710738230874e-31 7.667539214862736482e-32 2.741342905782534702e-32 4.429826822956438582e-29 3.403867561723418966e-29 2.774868163398176020e-29 2.141089049288158617e-29 1.506144167701720160e-29 9.424736065057083623e-30 5.187008957577174189e-30 2.492705682086905272e-30 1.163223088613705859e-30 3.912275680644197760e-31 1.334512260203359429e-31 4.162060197649458353e-32 4.660485984739943702e-29 3.599907741389003948e-29 2.950213570425564772e-29 2.292456224271509193e-29 1.628303982946551869e-29 1.032040596886343357e-29 5.772028658529775597e-30 2.826177326838699271e-30 1.302917625241281475e-30 4.583362300324743735e-31 1.579669147712280304e-31 4.969506671722031701e-32 4.969207909371524123e-29 3.863101146187524102e-29 3.186178844206429701e-29 2.495922772012329207e-29 1.791901660342041679e-29 1.151191322118874452e-29 6.543226630538773018e-30 3.260488136152077367e-30 1.495197994366845823e-30 5.442272517561016445e-31 1.893052253771502854e-31 6.000920766907196154e-32 5.080031089061127209e-29 3.957477769259566100e-29 3.270748528156134204e-29 2.568744628093890621e-29 1.850451749729926838e-29 1.193945077602683610e-29 6.821513918385129780e-30 3.418698226755992685e-30 1.570194682204013541e-30 5.765556559002579475e-31 2.014293879969277843e-31 6.416736345037928697e-32
1.087778582506252153e-29 7.862939071807625994e-30 6.304231961803265017e-30 4.837795181841074358e-30 3.397154189627728214e-30 2.126126835871927794e-30 1.159919270074000953e-30 5.401593483155153848e-31 -5.646894710738230874e-31 6.943277130733779952e-29 -2.792912529421809395e-31 1.435070833998237166e-32 1.345564714100453206e-29 1.002451973092492851e-29 8.236960452216294338e-30 6.511569780175136533e-30 4.752059464386633365e-30 3.114612036945142495e-30 1.794712832401695166e-30 8.955320437999112945e-31 3.907559757151317014e-31 1.820459582086782248e-31 5.358091161476995868e-32 1.744654806212726968e-32 1.420978998433600995e-29 1.066335865522608713e-29 8.814105177196417115e-30 7.019444036946726499e-30 5.173854428671250108e-30 3.435363479676276265e-30 2.012710463998886719e-30 1.024839163388592585e-30 4.571166510987685895e-31 2.028619473675364358e-31 6.468607119050841150e-32 2.120376905201873198e-32 1.520563280974960110e-29 1.151113242498981061e-29 9.583369038305782689e-30 7.696248638869696085e-30 5.734632806639407272e-30 3.859391323654801580e-30 2.298425176677591738e-30 1.192531039902268014e-30 5.422837662466935815e-31 2.335383671878554049e-31 7.888764355580095223e-32 2.602805226047999668e-32 1.556652150176148145e-29 1.181771915428632719e-29 9.861301910564502406e-30 7.940757180835184707e-30 5.936938343307333730e-30 4.012718228859768173e-30 2.402433003472921491e-30 1.254311137679047414e-30 5.742247818120674469e-31 2.466965899508765713e-31 8.453035320763093983e-32 2.803438395551227463e-32
3.468505612022328771e-30 2.291199185829015371e-30 1.784602967185704443e-30 1.361336150266719292e-30 9.678244315315720822e-31 6.266593769979291343e-31 3.586201298751125959e-31 1.752349527941281415e-31 7.667539214862736482e-32 -2.792912529421809395e-31 3.785247473504266801e-29 -1.327389586813969660e-31 4.234192314970051531e-30 2.919855941536680269e-30 2.347371162654384684e-30 1.854051429744680977e-30 1.375192700798457746e-30 9.329370340456310806e-31 5.623143895692770021e-31 2.939660537939016752e-31 1.330803628027517615e-31 5.350782662567485857e-32 2.769212215746180787e-32 6.702570033954392359e-33 4.465178149698923013e-30 3.112137439156150216e-30 2.521068847118019047e-30 2.008460939879146887e-30 1.506107357368585347e-30 1.035723665358577714e-30 6.349924057443805709e-31 3.388604802649854071e-31 1.568983814346570860e-31 6.443137574359804685e-32 2.898989656717223001e-32 8.225612286759736890e-33 4.765359455493204893e-30 3.363642140223832707e-30 2.749897130586944014e-30 2.212303426270140738e-30 1.678768212287429288e-30 1.170713884472897761e-30 7.297609548097812185e-31 3.968872555661724414e-31 1.874522418906325687e-31 7.841019324797195437e-32 3.211810126964046265e-32 1.020032552922353964e-32 4.875555440636256052e-30 3.455831984581177563e-30 2.833678909449347965e-30 2.286644649506174935e-30 1.741668137380799610e-30 1.219952998982165547e-30 7.645642078736910073e-31 4.184847594493559174e-31 1.990785379850751593e-31 8.389717116271072451e-32 3.392559586413777881e-32 1.105088674406486438e-32
1.242637390654966885e-30 7.260334078590101631e-31 5.303265028907452702e-31 3.876620046659312113e-31 2.686825566719655846e-31 1.742229478820466283e-31 1.030316341315701089e-31 5.493288122278350982e-32 2.741342905782534702e-32 1.435070833998237166e-32 -1.327389586813969660e-31 2.505232621752811688e-29 1.463933608056739709e-30 8.984694708779852062e-31 6.822906191885684238e-31 5.196007095990395862e-31 3.783241471206205619e-31 2.586718021130192151e-31 1.602575122326984472e-31 8.733103977869298828e-32 4.143855644627828819e-32 1.739917645601663171e-32 6.695797081997512129e-33 4.923763758360194162e-33 1.531404377314926285e-30 9.525562323864190670e-31 7.305328476616548578e-31 5.623500495297788514e-31 4.148299644859993668e-31 2.879644566333826809e-31 1.816893667405199700e-31 1.011569441120401892e-31 4.910200518685018428e-32 2.101917820462758236e-32 8.189653195872847222e-33 4.239396427005669752e-33 1.617837600510322325e-30 1.022254676486660390e-30 7.932846439936937849e-31 6.181440975088850881e-31 4.625139964780297217e-31 3.261163505224704035e-31 2.094314864521034361e-31 1.189213916787693646e-31 5.889479909978238575e-32 2.565168585465348083e-32 1.011880826353581759e-32 3.952466277305082057e-33 1.650053329348438384e-30 1.048201892359350206e-30 8.166070581696336899e-31 6.387657227155909469e-31 4.800685960334044324e-31 3.401702160976105994e-31 2.197176656249222492e-31 1.255990590757722106e-31 6.266466929478811255e-32 2.750234516233361546e-32 1.092794798171404999e-32 4.080624409475558784e-33
9.093514663722215920e-26 3.803493592070110117e-26 1.832408436701842204e-26 8.257393108495898260e-27 3.361701501198732246e-27 1.261278690127425236e-27 4.400966552381161613e-28 1.431231953171277394e-28 4.429826822956438582e-29 1.345564714100453206e-29 4.234192314970051531e-30 1.463933608056739709e-30 2.302905315218998738e-25 3.120445039324757817e-26 2.011303921017714522e-26 9.089401092251747517e-27 3.804283138868593037e-27 1.463326091360256495e-27 5.269809653237603753e-28 1.774079507378650350e-28 5.673506941544625818e-29 1.761455278716774580e-29 5.544057406871751937e-30 1.855754041827723689e-30 1.213431976285964517e-25 3.964797852811519922e-26 2.027131272325575729e-26 9.318497914916585352e-27 3.906917657743752814e-27 1.517196732831763208e-27 5.513246311211471828e-28 1.875575434527011776e-28 6.063423557821705853e-29 1.903762231941329383e-29 6.033236008465287765e-30 2.016262101067433253e-30 1.281081512543209880e-25 4.018590764909534605e-26 2.080532361051607464e-26 9.615115844159406328e-27 4.061375177260428889e-27 1.590797632921721792e-27 5.841281479967548521e-28 2.009573537806751671e-28 6.570582861422829826e-29 2.082469695518254263e-29 6.634650552998781717e-30 2.212574777746847793e-30 1.303366726607622534e-25 4.039591660667882009e-26 2.099700959956380902e-26 9.722606205103452622e-27 4.116214900379429425e-27 1.616950015237791288e-27 5.957122410302134559e-28 2.057642399799329223e-28 6.752687530920847559e-29 2.148268397147047899e-29 6.866976569254957350e-30 2.296236145773444280e-30
3.803535142004406244e-26 2.169241736782077686e-26 1.074087025872706649e-26 5.240867484893784868e-27 2.288098595523681026e-27 9.048996094604979633e-28 3.290192108829775883e-28 1.097201596197243563e-28 3.403867561723418966e-29 1.002451973092492851e-29 2.919855941536680269e-30 8.984694708779852062e-31 3.120445039324757817e-26 6.469689927557658686e-26 9.411897568379178669e-27 5.982266175548232150e-27 2.633293296743931419e-27 1.070296051363157867e-27 4.017976820185657390e-28 1.388078612266705132e-28 4.461789994014885586e-29 1.353548380204352046e-29 4.002605219795323582e-30 1.209522391031093163e-30 3.964880156172023702e-26 2.919610105845156256e-26 1.180126713887186572e-26 6.050879708853396998e-27 2.718591239351589159e-27 1.114615771734589507e-27 4.223689995815462361e-28 1.474768518752402307e-28 4.795307963579548434e-29 1.473782051161510513e-29 4.405440267055535665e-30 1.336789178257907788e-30 4.020234410725859664e-26 3.084793369569276241e-26 1.211919959013145334e-26 6.277733356687965930e-27 2.841316115387134783e-27 1.175340092370073693e-27 4.500745906918138856e-28 1.589826429573483902e-28 5.232121997798617689e-29 1.626460052969820780e-29 4.906937737683963842e-30 1.493721928443467747e-30 4.042194184565734897e-26 3.139269182649641461e-26 1.223542531768037038e-26 6.358808265676248241e-27 2.884842892306830777e-27 1.196857087770233172e-27 4.599054004822746619e-28 1.630879738590037653e-28 5.389114749957724081e-29 1.682402751949566967e-29 5.098823763722907448e-30 1.559374941283618381e-30
1.832236524400082825e-26 1.074058447237054438e-26 6.590277869873050242e-27 3.321028904224248929e-27 1.558641077395361081e-27 6.541145825679286641e-28 2.502761582497882625e-28 8.699331341829370624e-29 2.774868163398176020e-29 8.236960452216294338e-30 2.347371162654384684e-30 6.822906191885684238e-31 2.011303921017714522e-26 9.411897568379178669e-27 2.053349461529128461e-26 3.211515030081192348e-27 1.855836377673208653e-27 7.926272386833645416e-28 3.131600705852865922e-28 1.127721211209538301e-28 3.725181820862287641e-29 1.140867218834954763e-29 3.321889983577215651e-30 9.576244908705916676e-31 2.026578126036919080e-26 1.179964176695027001e-26 8.729979083204124553e-27 3.877162804172812185e-27 1.905004528548771615e-27 8.299947208336375699e-28 3.313012645140011470e-28 1.205421874650743689e-28 4.028123085793814901e-29 1.250097584474657436e-29 3.682315812215220431e-30 1.068674790416796289e-30 2.080562899138373249e-26 1.212192679821542532e-26 9.224764916872024891e-27 4.038682311503486544e-27 2.004207356584606326e-27 8.813631459862533477e-28 3.555811237755154780e-28 1.308798542371425027e-28 4.426733775015577290e-29 1.389955365862290478e-29 4.137055049482172229e-30 1.207442650781650681e-30 2.099990057080005380e-26 1.224051669905914122e-26 9.390753714531981657e-27 4.096387680007840512e-27 2.039344216851358546e-27 8.995332401097302043e-28 3.641978336840332972e-28 1.345680438968816015e-28 4.570096405488747138e-29 1.441078118601276577e-29 4.309333970917460137e-30 1.264072395551074818e-30
8.257484896153416668e-27 5.240759446081050002e-27 3.320930924180882846e-27 2.003816852801293569e-27 9.776932415205694482e-28 4.383669941343732458e-28 1.769967360681817668e-28 6.454918050156555181e-29 2.141089049288158617e-29 6.511569780175136533e-30 1.854051429744680977e-30 5.196007095990395862e-31 9.089401092251747517e-27 5.982266175548232150e-27 3.211515030081192348e-27 7.130674098137122319e-27 1.052782969108967306e-27 5.528003749371437183e-28 2.285152359128670731e-28 8.646928621882502017e-29 2.967438151134045285e-29 9.312305613905197218e-30 2.718957564461816303e-30 7.628868307607947273e-31 9.317524526827489645e-27 6.050159318320435502e-27 3.876567036996196248e-27 2.715245034280853279e-27 1.227685994320119015e-27 5.778516898941165383e-28 2.440047110813193756e-28 9.321067287996775577e-29 3.236499890031400186e-29 1.029063915874589174e-29 3.042098242861739857e-30 8.605262906303159832e-31 9.614865596303300798e-27 6.277772079564136405e-27 4.039100023767050803e-27 2.889809740390557153e-27 1.300672968934664782e-27 6.190235615711013503e-28 2.643366365908088191e-28 1.021741737653648842e-28 3.590292973280698638e-29 1.154993563195759494e-29 3.452147895714817581e-30 9.839608756345829826e-31 9.720951817286008077e-27 6.358532632872655426e-27 4.097215694747167907e-27 2.949912373298777342e-27 1.326514377800080938e-27 6.335906118419945618e-28 2.715570525667663181e-28 1.053754546361362514e-28 3.717921910855297491e-29 1.200995773443693869e-29 3.606508002507655861e-30 1.033375363838288450e-30
3.361681688218286503e-27 2.288148539351387796e-27 1.558691273725973466e-27 9.776920985204918688e-28 5.637298800592853570e-28 2.639910979140165419e-28 1.130755739886074584e-28 4.335879383187885167e-29 1.506144167701720160e-29 4.752059464386633365e-30 1.375192700798457746e-30 3.783241471206205619e-31 3.804283138868593037e-27 2.633293296743931419e-27 1.855836377673208653e-27 1.052782969108967306e-27 2.212880570837470467e-27 3.099882277401208785e-28 1.530295121322922215e-28 6.063790039740766948e-29 2.180090292259244457e-29 7.090092607865094425e-30 2.109817072116021884e-30 5.856405060919970105e-31 3.907393815625975138e-27 2.718829055495984076e-27 1.905002286796520426e-27 1.227519165234925704e-27 7.985650800303925740e-28 3.633105731375191062e-28 1.643131600445590022e-28 6.619268583702019073e-29 2.406574394651446546e-29 7.932024209614354123e-30 2.389983001543283550e-30 6.703140861414373529e-31 4.061873690995172269e-27 2.841606905164721017e-27 2.004292136561491608e-27 1.300791746402970843e-27 8.607742010937296253e-28 3.932314500933325400e-28 1.801320493390832009e-28 7.348418928089921933e-29 2.704030758927526342e-29 9.015154034200382459e-30 2.747169118030622337e-30 7.776451020539536148e-31 4.117016962594155887e-27 2.885247876341233855e-27 2.039449329311062827e-27 1.326746794949780200e-27 8.824609986401048056e-28 4.038350373685060918e-28 1.857599187134648230e-28 7.609445416300257446e-29 2.811546061303772966e-29 9.411818117242592816e-30 2.881271235295583930e-30 8.200816211326886324e-31
1.261447454559222967e-27 9.050118172883664632e-28 6.542064392171657027e-28 4.384241311271966944e-28 2.640098629128359344e-28 1.445815967407966866e-28 6.407319286584417219e-29 2.587327155326644472e-29 9.424736065057083623e-30 3.114612036945142495e-30 9.329370340456310806e-31 2.586718021130192151e-31 1.463326091360256495e-27 1.070296051363157867e-27 7.926272386833645416e-28 5.528003749371437183e-28 3.099882277401208785e-28 8.170667228109781253e-28 8.309490888095408741e-29 3.816325765226071717e-29 1.441512200161022239e-29 4.901934284175700076e-30 1.511098989651536768e-30 4.244991327540926882e-31 1.517190468070287470e-27 1.114614314247664535e-27 8.300534051029518630e-28 5.778725738869011690e-28 3.632822952229662082e-28 2.260146500907836791e-28 9.892331860871560181e-29 4.235874847861400568e-29 1.618219302428849115e-29 5.576490957436066470e-30 1.739355268261168757e-30 4.946233719230995913e-31 1.590972422820167734e-27 1.175485893372554015e-27 8.815032330260511856e-28 6.190661483532524049e-28 3.932421933627135464e-28 2.489019948597847229e-28 1.099766973497994459e-28 4.777353772012630797e-29 1.848428089325677554e-29 6.441485653277833119e-30 2.031324418801136835e-30 5.834891910118722337e-31 1.617229943505103330e-27 1.197119068609840852e-27 8.997914212794729699e-28 6.336884587756797991e-28 4.038712600859504051e-28 2.569848116027753878e-28 1.139235316683880636e-28 4.972070763985238741e-29 1.932113110100679328e-29 6.760050688409676139e-30 2.141216389558474853e-30 6.184275587401789466e-31
4.402181962277987208e-28 3.291198001889202347e-28 2.503495831636124825e-28 1.770498222951416624e-28 1.131078938424588664e-28 6.408568482970661098e-29 3.330949643186936319e-29 1.363633971249122415e-29 5.187008957577174189e-30 1.794712832401695166e-30 5.623143895692770021e-31 1.602575122326984472e-31 5.269809653237603753e-28 4.017976820185657390e-28 3.131600705852865922e-28 2.285152359128670731e-28 1.530295121322922215e-28 8.309490888095408741e-29 3.304244157544430843e-28 1.852553440073905822e-29 8.456575270758042415e-30 3.011500610659945202e-30 9.697778212212113458e-31 2.807830188153267239e-31 5.513464596755826675e-28 4.223690226557852097e-28 3.312763853210692194e-28 2.439843347591032938e-28 1.642993652707717895e-28 9.891128606730243727e-29 5.982426407060298098e-29 2.412404334952487926e-29 9.713333290540012578e-30 3.501998411999493090e-30 1.140547614314684870e-30 3.344139314707701543e-31 5.841248340995841481e-28 4.500881250547496985e-28 3.555522960961830242e-28 2.643049619352376886e-28 1.801096786191681385e-28 1.099661295071402226e-28 6.773747543963530326e-29 2.770153168026355301e-29 1.131974483909701518e-29 4.128021549328400244e-30 1.358448994641060880e-30 4.024246360787130296e-31 5.958478910661941962e-28 4.599818469742006954e-28 3.642062107748082417e-28 2.715461647821637212e-28 1.857482142094957718e-28 1.139187489410286869e-28 7.056964140450105443e-29 2.899797121803005143e-29 1.190806504313903337e-29 4.360683100676841506e-30 1.441040203995304432e-30 4.291949195681719874e-31
1.432754171998728357e-28 1.098306098157431778e-28 8.707302326996399364e-29 6.460348225191125505e-29 4.339159017223816128e-29 2.588976063389393217e-29 1.364214529316428191e-29 6.686513708381915238e-30 2.492705682086905272e-30 8.955320437999112945e-31 2.939660537939016752e-31 8.733103977869298828e-32 1.774079507378650350e-28 1.388078612266705132e-28 1.127721211209538301e-28 8.646928621882502017e-29 6.063790039740766948e-29 3.816325765226071717e-29 1.852553440073905822e-29 1.482657295280996140e-28 3.316323756587781874e-30 1.612980578099476039e-30 5.406083376827835517e-31 1.639887064744322572e-31 1.874959617805536260e-28 1.474329810825397265e-28 1.205004471388642685e-28 9.317410274215928983e-29 6.616646013804803103e-29 4.234251256698280572e-29 2.411660676579298834e-29 1.436057446545867706e-29 5.110931086064587378e-30 1.925586599943478565e-30 6.549698914020871532e-31 2.003281400385202428e-31 2.008838440787925361e-28 1.589276494057804001e-28 1.308298344373650272e-28 1.021239693737000366e-28 7.344288041133480907e-29 4.774573438404359811e-29 2.769010683085383856e-29 1.678297896315578709e-29 6.088978947036704787e-30 2.324643610944365341e-30 7.985263314880480087e-31 2.466855242241590128e-31 2.056855410792525253e-28 1.630533756306640532e-28 1.345386314869078434e-28 1.053358438329848525e-28 7.605586046033525469e-29 4.969247073964765274e-29 2.898672129515126214e-29 1.766639796713258640e-29 6.451423529715978558e-30 2.474855178918342950e-30 8.536525025639698711e-31 2.650979855751452812e-31
4.441287975025198968e-29 3.412167050748306801e-29 2.780857621235841161e-29 2.145210608366311637e-29 1.508755134264148598e-29 9.439415423234334724e-30 5.193604382484658219e-30 2.494664773995720536e-30 1.163223088613705859e-30 3.907559757151317014e-31 1.330803628027517615e-31 4.143855644627828819e-32 5.673506941544625818e-29 4.461789994014885586e-29 3.725181820862287641e-29 2.967438151134045285e-29 2.180090292259244457e-29 1.441512200161022239e-29 8.456575270758042415e-30 3.316323756587781874e-30 6.740729716014182667e-29 3.736222245629067630e-31 2.602927183463392288e-31 8.329226367549086152e-32 6.054079513529504132e-29 4.788956833379400696e-29 4.023285319403368966e-29 3.232766527426143581e-29 2.403836478051148732e-29 1.616438468054487974e-29 9.703536860941641146e-30 5.107136909475735369e-30 3.064416666305966445e-30 9.183932759186251619e-31 3.244329461005446355e-31 1.037371478146993024e-31 6.554768946035782060e-29 5.221912503420875926e-29 4.418748862077032512e-29 3.583838373783313491e-29 2.699211955310530255e-29 1.845212830029776618e-29 1.130153203479453922e-29 6.082135396059089524e-30 3.689049133536960950e-30 1.136224001025846948e-30 4.056170671869121148e-31 1.308914599265314090e-31 6.736425412712850628e-29 5.378835748870556208e-29 4.562219836484202790e-29 3.711316419765347010e-29 2.806424208492420459e-29 1.928555826272417863e-29 1.188718698644077884e-29 6.443583731361016204e-30 3.922884217561844987e-30 1.219573615155758792e-30 4.373930988012828365e-31 1.418573127943421450e-31
1.352747646741728718e-29 1.007601531221763533e-29 8.273962855781999868e-30 6.537230665138947317e-30 4.768595507325744467e-30 3.124206445358521967e-30 1.799496246246968073e-30 8.974238451939726584e-31 3.912275680644197760e-31 1.820459582086782248e-31 5.350782662567485857e-32 1.739917645601663171e-32 1.761455278716774580e-29 1.353548380204352046e-29 1.140867218834954763e-29 9.312305613905197218e-30 7.090092607865094425e-30 4.901934284175700076e-30 3.011500610659945202e-30 1.612980578099476039e-30 3.736222245629067630e-31 3.362154009441586790e-29 -3.655542611775861242e-32 3.671577119737461653e-32 1.895152890582303839e-29 1.467985011517098236e-29 1.245766440703578781e-29 1.025879544814676357e-29 7.909178451276997631e-30 5.561313457696734403e-30 3.493094494329753960e-30 1.921319080424314892e-30 9.169808771777912527e-31 6.088630044892076594e-31 1.387638028875215093e-31 4.613527543876540641e-32 2.066442660998622224e-29 1.615804632774033979e-29 1.382094183812324956e-29 1.149081425179192802e-29 8.972195869773451819e-30 6.412363446987792126e-30 4.110467800041614389e-30 2.315984671473131544e-30 1.133352716617778178e-30 7.449224999830848215e-31 1.774834141858098544e-31 5.947432149604212414e-32 2.129530847650834426e-29 1.670214518281451288e-29 1.432249241037254167e-29 1.194301703384539585e-29 9.362137986383207394e-30 6.725541983045385217e-30 4.339327901629115818e-30 2.464021673167131703e-30 1.215925510498273849e-30 7.975680605479896245e-31 1.929596141709776303e-31 6.499276723077746622e-32
4.271324717089578668e-30 2.946269000101261532e-30 2.366244233233218290e-30 1.867151300985459635e-30 1.383718484333157193e-30 9.379883665860934840e-31 5.649398126585113140e-31 2.950990842450191001e-31 1.334512260203359429e-31 5.358091161476995868e-32 2.769212215746180787e-32 6.695797081997512129e-33 5.544057406871751937e-30 4.002605219795323582e-30 3.321889983577215651e-30 2.718957564461816303e-30 2.109817072116021884e-30 1.511098989651536768e-30 9.697778212212113458e-31 5.406083376827835517e-31 2.602927183463392288e-31 -3.655542611775861242e-32 1.817989610842269886e-29 -5.101865172521614853e-32 5.975525052185623744e-30 4.365929509221325070e-30 3.653612998554223482e-30 3.021173358817503917e-30 2.375132056696054938e-30 1.729380279615462432e-30 1.134446494652852826e-30 6.517545292991913278e-31 3.230930544580992853e-31 1.383963883463861486e-31 1.236711376310762023e-31 1.790720218774053589e-32 6.517689739301542711e-30 4.827769855868044498e-30 4.079989700483964739e-30 3.410227371101108980e-30 2.717128348410616238e-30 2.010869299473828786e-30 1.345685862792006195e-30 7.916008528142060615e-31 4.026093843894393748e-31 1.766363326366516455e-31 1.496939582362066861e-31 2.342561995276610559e-32 6.720950731586349219e-30 5.000812836169711434e-30 4.239556035449453384e-30 3.555016786137207341e-30 2.843958756852677198e-30 2.115422254689684064e-30 1.424637968848824734e-30 8.445403974207408363e-31 4.332968151694068964e-31 1.917669279854668517e-31 1.600292154669091552e-31 2.576475123464409820e-32
1.479669525398735889e-30 9.096225052110760424e-31 6.902574024306332291e-31 5.251337609911962692e-31 3.819354195316159192e-31 2.608302932379202192e-31 1.613989651504369621e-31 8.784064906649507974e-32 4.162060197649458353e-32 1.744654806212726968e-32 6.702570033954392359e-33 4.923763758360194162e-33 1.855754041827723689e-30 1.209522391031093163e-30 9.576244908705916676e-31 7.628868307607947273e-31 5.856405060919970105e-31 4.244991327540926882e-31 2.807830188153267239e-31 1.639887064744322572e-31 8.329226367549086152e-32 3.671577119737461653e-32 -5.101865172521614853e-32 1.199571908333205389e-29 1.986157130856044676e-30 1.316214826903765200e-30 1.053809991178622396e-30 8.497519983873613301e-31 6.626765038244069371e-31 4.894663521340098914e-31 3.311978453507228870e-31 1.985556412421421317e-31 1.029221126132757473e-31 4.584912673628542926e-32 1.784480446432193913e-32 3.173488044721853394e-32 2.146827843022413640e-30 1.449257090221843489e-30 1.175644764235272249e-30 9.608405223888672710e-31 7.611695691373134633e-31 5.722286027114258165e-31 3.952711808819711892e-31 2.426336476738879998e-31 1.289486674876873625e-31 5.875182831609118790e-32 2.325900392220104214e-32 3.691108685346829594e-32 2.208085974585061994e-30 1.499968919686048874e-30 1.222002982467141499e-30 1.002767199457341695e-30 7.981394826600508146e-31 6.032843733814080048e-31 4.194286639586453718e-31 2.594474437855520813e-31 1.390678327576759110e-31 6.390923393287027019e-32 2.549951517698257359e-32 3.906355134092469091e-32
9.094075061442541402e-26 3.865165774000967086e-26 1.864866770780830197e-26 8.435925279819365381e-27 3.450335834600527144e-27 1.301747271744486158e-27 4.570805681000706474e-28 1.496481894103232069e-28 4.660485984739943702e-29 1.420978998433600995e-29 4.465178149698923013e-30 1.531404377314926285e-30 1.213431976285964517e-25 3.964880156172023702e-26 2.026578126036919080e-26 9.317524526827489645e-27 3.907393815625975138e-27 1.517190468070287470e-27 5.513464596755826675e-28 1.874959617805536260e-28 6.054079513529504132e-29 1.895152890582303839e-29 5.975525052185623744e-30 1.986157130856044676e-30 2.220534558995244949e-25 3.334911286196749258e-26 2.085175329422442205e-26 9.526936977168436718e-27 4.031845734477767533e-27 1.575204146764665627e-27 5.779803255838577500e-28 1.990315269485924318e-28 6.517868022387585032e-29 2.068219918291333634e-29 6.583642086065678371e-30 2.188263400985781962e-30 1.602723421168845127e-25 3.882947093127330534e-26 2.125649060571113271e-26 9.846671442759255917e-27 4.191009525575345007e-27 1.654588482578070531e-27 6.143183275653147741e-28 2.142885762079481844e-28 7.116561469578758101e-29 2.286846001446510287e-29 7.337934313352057440e-30 2.437112699572862724e-30 1.676582768732282546e-25 3.871216495545887280e-26 2.146086530670726119e-26 9.959551311609865226e-27 4.249314308953022256e-27 1.682820457831041155e-27 6.270822504241968626e-28 2.198276820184476037e-28 7.334001629424970394e-29 2.368870485048900450e-29 7.633506924882988257e-30 2.543790009891568146e-30
3.865184261481179827e-26 2.183626327296632096e-26 1.098157151483273963e-26 5.373142458039573098e-27 2.357664246766048754e-27 9.377437068002005109e-28 3.431493386491942743e-28 1.152321953250040057e-28 3.599907741389003948e-29 1.066335865522608713e-29 3.112137439156150216e-30 9.525562323864190670e-31 3.964797852811519922e-26 2.919610105845156256e-26 1.179964176695027001e-26 6.050159318320435502e-27 2.718829055495984076e-27 1.114614314247664535e-27 4.223690226557852097e-28 1.474329810825397265e-28 4.788956833379400696e-29 1.467985011517098236e-29 4.365929509221325070e-30 1.316214826903765200e-30 3.334911286196749258e-26 6.010467086367818329e-26 1.031594164492586113e-26 6.296605856444168284e-27 2.815467882493760942e-27 1.162874416871268354e-27 4.450007120356361790e-28 1.573478671231593783e-28 5.188846935396498392e-29 1.614995970743247863e-29 4.870846691616724400e-30 1.478056057066623704e-30 3.885769358000693985e-26 3.854841306406365228e-26 1.202582848812231773e-26 6.473394332247076292e-27 2.944340293682736014e-27 1.228557338337124704e-27 4.758250459773748866e-28 1.705196511437164947e-28 5.705707891090469485e-29 1.802796625371122414e-29 5.504500408407102575e-30 1.679155675779933199e-30 3.876014812752449693e-26 4.029103937709020275e-26 1.208379947331469261e-26 6.561522421586336819e-27 2.990710841338570933e-27 1.251879816201166373e-27 4.867564761291445410e-28 1.752551245332456569e-28 5.894575382952436166e-29 1.872879130598661687e-29 5.751091428486004642e-30 1.764097883565997504e-30
