# Created by Tilman Tröster (tilman@troester.space) on 2021-08-21 16:14:27 using add_up_covariance_terms.py
# Covariance total_SSC_mask (gaussian_nka+hmx_cNG_1h+hmx_SSC_mask_wl+m) of Cl_TE (tomographic bins (0, 0), (1, 0), (2, 0), (3, 0), (4, 0))
5.292170175441453660e-26 1.085847604547233845e-26 5.327310579210190827e-27 2.347938944455463271e-27 9.331574651504198158e-28 3.331854309971561830e-28 1.068839997749618643e-28 3.001476358604012587e-29 7.123976501320352737e-30 1.313273457122898873e-30 1.559842286138450925e-31 8.066197778804920775e-33 2.266976820579457519e-26 1.179980686558691802e-26 5.759220272908177481e-27 2.573534512235412297e-27 1.041594584594339878e-27 3.800614224568771118e-28 1.247841660107590246e-28 3.585822170684140932e-29 8.651567246866994839e-30 1.605366459608586065e-30 1.877908793820599094e-31 9.362181928341763930e-33 2.280418925223722174e-26 1.197324939226780205e-26 5.861826881054928728e-27 2.629120229098805201e-27 1.068891235067155516e-27 3.921026612310007280e-28 1.295158739119838304e-28 3.746590399720912274e-29 9.104110684186495853e-30 1.700893293078836223e-30 1.998773846843585562e-31 9.949961093151469962e-33 2.308409269530110588e-26 1.221845901651190746e-26 6.006167606062767610e-27 2.706800157449863761e-27 1.106712733426308018e-27 4.085691237869590123e-28 1.358550547776935846e-28 3.954777363932762024e-29 9.660178885179778075e-30 1.811147993641534421e-30 2.131709841131521601e-31 1.059099155560934208e-32 2.320839141330098553e-26 1.230797197412528121e-26 6.058521483252458634e-27 2.734789751388336062e-27 1.120267103112228310e-27 4.144483836221754089e-28 1.381135195868754336e-28 4.028933347921296546e-29 9.859734514215928398e-30 1.852310130723829092e-30 2.187074351638149821e-31 1.091403557051002180e-32
1.085847604547233845e-26 1.894827298388216416e-26 3.397322802192661952e-27 1.630414135277513363e-27 6.885392396257771523e-28 2.572241843106214345e-28 8.517957506162033529e-29 2.421796438502956412e-29 5.646787859476510062e-30 9.810985057691974993e-31 1.055215213586033832e-31 4.889447798547665571e-33 1.179996285886129260e-26 7.331248439929163210e-27 3.789097630676746191e-27 1.814535481603872701e-27 7.806072608747201078e-28 2.984221219271249537e-28 1.012576662725371694e-28 2.951146772284914352e-29 7.031025495673300467e-30 1.240753444334926867e-30 1.329640388384902695e-31 5.954337439558555462e-33 1.197335126716491847e-26 7.421254850754448696e-27 3.868599497007116631e-27 1.860009806447778049e-27 8.040307582398915615e-28 3.090987123339963767e-28 1.055436729107288052e-28 3.097979225144562052e-29 7.440509064575575510e-30 1.324584539578240885e-30 1.430781196292530904e-31 6.422019021499595601e-33 1.221848898209371609e-26 7.571597376193272410e-27 3.979915497868133112e-27 1.923405200304601440e-27 8.364657965578075608e-28 3.237228646288717691e-28 1.113184373946838214e-28 3.290578837375534222e-29 7.955912112900702614e-30 1.424813220358363367e-30 1.546202218946418309e-31 6.944505882634121701e-33 1.230793518208494392e-26 7.632519154581485780e-27 4.019975027207139351e-27 1.946112501098176606e-27 8.480325117618390325e-28 3.289232973414975515e-28 1.133696778332204693e-28 3.359017505409657234e-29 8.140295876370005502e-30 1.461781866032508286e-30 1.592884212359726591e-31 7.196267292384895326e-33
5.327310579210190827e-27 3.397322802192661952e-27 6.805495201656340576e-27 9.951734997310386251e-28 4.573458926428918380e-28 1.806713700094871641e-28 6.264082348862498893e-29 1.844045447570395998e-29 4.366597743885313059e-30 7.471724189087589521e-31 7.621640654889003909e-32 3.234322357085082960e-33 5.759365802989771608e-27 3.789137633401461362e-27 2.263298508205407883e-27 1.150831663867335044e-27 5.291156288894047478e-28 2.142008735740080025e-28 7.619657468860089857e-29 2.300023036046739399e-29 5.574675096932407603e-30 9.738552943003075687e-31 9.982706066463440732e-32 4.139894482376421611e-33 5.862013888812810594e-27 3.868665158707912553e-27 2.308714736135533086e-27 1.184605997620041892e-27 5.475242639516416466e-28 2.229873949351513831e-28 7.984697728805341898e-29 2.427865317816900200e-29 5.933753465346011650e-30 1.046625602847152521e-30 1.083634298433301590e-31 4.519402393789078978e-33 6.006366702621555814e-27 3.980014940090077970e-27 2.378424201090239150e-27 1.231533800478803877e-27 5.729669378934583926e-28 2.350187248301405226e-28 8.477431837850213058e-29 2.596644088427667710e-29 6.392369533903293616e-30 1.135698296778964990e-30 1.183882710468760423e-31 4.954329601881710295e-33 6.058623827482439540e-27 4.020051179447064315e-27 2.405292105568180948e-27 1.248252565019804335e-27 5.820045146418620112e-28 2.392843529692056609e-28 8.652079422425377753e-29 2.656539640019114490e-29 6.556180054016202192e-30 1.168321498501251312e-30 1.223537951841206047e-31 5.155748031584423693e-33
2.347938944455463271e-27 1.630414135277513363e-27 9.951734997310386251e-28 2.397382396677341267e-27 2.698936941273255993e-28 1.158845302449584979e-28 4.221156749291048693e-29 1.298615238640143858e-29 3.177463887164118793e-30 5.484127343706544325e-31 5.467467543407816131e-32 2.203886489276319592e-33 2.573608782009745629e-27 1.814542291844281080e-27 1.150822865921017406e-27 6.702732383631624106e-28 3.270861209426874568e-28 1.411204763705308225e-28 5.290468488912735614e-29 1.669430900332993049e-29 4.180261514256202475e-30 7.394062488395150108e-31 7.448631038492587780e-32 2.924732586377255595e-33 2.629295674065937950e-27 1.860075853061328929e-27 1.184608340059778993e-27 6.906695308685215517e-28 3.403682996608301817e-28 1.478426459299873335e-28 5.582443244206612339e-29 1.774989204190146438e-29 4.482447797781753698e-30 8.008679351955113323e-31 8.159839574907361717e-32 3.232615645565201683e-33 2.707044035206350138e-27 1.923540376875540720e-27 1.231570304736769465e-27 7.204764090095056269e-28 3.586662456089136376e-28 1.570282981202225138e-28 5.976215060729643784e-29 1.914689047663089966e-29 4.871610116639945985e-30 8.772756688192651659e-31 9.013681112351857199e-32 3.592748716292566811e-33 2.735001306503016932e-27 1.946250328928424831e-27 1.248302775192330668e-27 7.315662818981262817e-28 3.651464720430277270e-28 1.602786249603917363e-28 6.115615972601379464e-29 1.964246867190776382e-29 5.010579888822362599e-30 9.051992906248063608e-31 9.345933377211970767e-32 3.753648716635941535e-33
9.331574651504198158e-28 6.885392396257771523e-28 4.573458926428918380e-28 2.698936941273255993e-28 8.140443336386327532e-28 6.451174281877945101e-29 2.539805152542561937e-29 8.173404619669259375e-30 2.089935991943352560e-30 3.707432342310008797e-31 3.705904104957684640e-32 1.466296066923234895e-33 1.041587640406465017e-27 7.805712170796361228e-28 5.290773368024391398e-28 3.270636528708132481e-28 1.824041245280305431e-28 8.320614595503440555e-29 3.302764973622135121e-29 1.093581586124751970e-29 2.856175431299487946e-30 5.204502338052298212e-31 5.278498726039296368e-32 2.014822534044404114e-33 1.068961315421581115e-27 8.040479415576942890e-28 5.475048349218735047e-28 3.403472097869573127e-28 1.904145855480763165e-28 8.784156300470087474e-29 3.515768410880704616e-29 1.173856413910814624e-29 3.092766198909670153e-30 5.693649129465517915e-31 5.845011547240043921e-32 2.256639290897446989e-33 1.106848865864305293e-27 8.365439288367413969e-28 5.729830679707604596e-28 3.586562520028520032e-28 2.017631847528259573e-28 9.414962480418241943e-29 3.802194245407970996e-29 1.279969051298988123e-29 3.398337592882924064e-30 6.307561267163647337e-31 6.535812018794241234e-32 2.544500629107210378e-33 1.120417541617802422e-27 8.481368276134134131e-28 5.820456329303661289e-28 3.651460511723043299e-28 2.058965247991312231e-28 9.638028441455007788e-29 3.903602578946552458e-29 1.317650819253496880e-29 3.507617958681729256e-30 6.531504242441911261e-31 6.801847068758982824e-32 2.669203532865851495e-33
3.331854309971561830e-28 2.572241843106214345e-28 1.806713700094871641e-28 1.158845302449584979e-28 6.451174281877945101e-29 2.848281973980915204e-28 1.281207632687849680e-29 4.445707694053575478e-30 1.193200565162540141e-30 2.203613439274342819e-31 2.275720944237422362e-32 9.271011231881251275e-34 3.799734979573313660e-28 2.983434938315055510e-28 2.141374522935549534e-28 1.410793488615815731e-28 8.318780084678489710e-29 4.321465977902195824e-29 1.797280868633190693e-29 6.257862105838277588e-30 1.710001390585725411e-30 3.249086308170443807e-31 3.391018777575725145e-32 1.297328102135647724e-33 3.920421391306317265e-28 3.090368388989495553e-28 2.229259110517771924e-28 1.477970972958147217e-28 8.781845928603272243e-29 4.585285453811093938e-29 1.933315815861275883e-29 6.798529424812307194e-30 1.875425573753069194e-30 3.600532423662018652e-31 3.804512243832063389e-32 1.474197669841685534e-33 4.085594097823660055e-28 3.237053402802810435e-28 2.349826633859998583e-28 1.569911722537181042e-28 9.412798022847665763e-29 4.950797235502584770e-29 2.115198368430149412e-29 7.509797564492263481e-30 2.088612550324593086e-30 4.042836875776638572e-31 4.313068082033581181e-32 1.687214238942128455e-33 4.144682939627697338e-28 3.289370521370258287e-28 2.392741829665026148e-28 1.602541388519327696e-28 9.636211462631097463e-29 5.083017532124418351e-29 2.179723231152842983e-29 7.763122362626108952e-30 2.165141941194733179e-30 4.204558112721581584e-31 4.508001234821170465e-32 1.777684411454496401e-33
1.068839997749618643e-28 8.517957506162033529e-29 6.264082348862498893e-29 4.221156749291048693e-29 2.539805152542561937e-29 1.281207632687849680e-29 1.030442100861445553e-28 1.932736384719207976e-30 5.688785154470053372e-31 1.107583497543855319e-31 1.192335229287682552e-32 5.553473941814485300e-34 1.246651212776424863e-28 1.011644449378215036e-28 7.612705591076755069e-29 5.285779137900479287e-29 3.300151259568272897e-29 1.796285207258094840e-29 8.504254811903796222e-30 3.051558994421137432e-30 8.696275498906517680e-31 1.725349498440345637e-31 1.876416651514550068e-32 7.360513862174897094e-34 1.293780008974081073e-28 1.054364573138014191e-28 7.976100821751135831e-29 5.576282929549885001e-29 3.512117970779375004e-29 1.931835681137399599e-29 9.203399344689783035e-30 3.361726501519047444e-30 9.689818776158389955e-31 1.943554921859501472e-31 2.140113611571264604e-32 8.507195230668080170e-34 1.357325151363991064e-28 1.112270507749642803e-28 8.469626714070365393e-29 5.970087706700882297e-29 3.798320237376923008e-29 2.113536317344978515e-29 1.015200521968285208e-29 3.766488340907983293e-30 1.096233797395164517e-30 2.217372585731535668e-31 2.465160945926930254e-32 9.896047977322630837e-34 1.380118277596050640e-28 1.132986291283641223e-28 8.645950583031979115e-29 6.110374209345080202e-29 3.900056407619749188e-29 2.178112548187007700e-29 1.049652986997366328e-29 3.911504386682597507e-30 1.142212381142575274e-30 2.318198472225968229e-31 2.590097871490851745e-32 1.048185926613856552e-33
3.001476358604012587e-29 2.421796438502956412e-29 1.844045447570395998e-29 1.298615238640143858e-29 8.173404619669259375e-30 4.445707694053575478e-30 1.932736384719207976e-30 3.567146914275639683e-29 1.831541028652192778e-31 4.399437935245397436e-32 4.943525819373936753e-33 3.358476104038891136e-34 3.575422709122811886e-29 2.943418384739715037e-29 2.294394049855537934e-29 1.665598379567792614e-29 1.091282470164152108e-29 6.246637835818385262e-30 3.047928384748918438e-30 1.257119294902010752e-30 3.597477206269302847e-31 7.398630935098064918e-32 8.403652335601210769e-33 3.430133474222133696e-34 3.732025861772464556e-29 3.087328387377430503e-29 2.419871200122290767e-29 1.769348667867900833e-29 1.170313716701215214e-29 6.780284249351772178e-30 3.355460114726307630e-30 1.391214620499754707e-30 4.080565283517298284e-31 8.499658855529345179e-32 9.776328274969406993e-33 4.043595323420900149e-34 3.939012060939925706e-29 3.279362786659054438e-29 2.588097592573907158e-29 1.908403241640792280e-29 1.275867661090680130e-29 7.487804123654656217e-30 3.758612811882468363e-30 1.569362864684808703e-30 4.693160834351211188e-31 9.871425238782623260e-32 1.146372926943519430e-32 4.788505718828261383e-34 4.013788008876273660e-29 3.348546007541210484e-29 2.648642970891803637e-29 1.958274434211179382e-29 1.313624830415807581e-29 7.740879364579412979e-30 3.903280071194837052e-30 1.635144393379378230e-30 4.916798699423895180e-31 1.038278261620634759e-31 1.211945993598314891e-32 5.103474097122498145e-34
7.123976501320352737e-30 5.646787859476510062e-30 4.366597743885313059e-30 3.177463887164118793e-30 2.089935991943352560e-30 1.193200565162540141e-30 5.688785154470053372e-31 1.831541028652192778e-31 1.056814903962453545e-29 4.286847122225674782e-33 1.454526344534318498e-33 2.042411914667957151e-34 8.591193552861756543e-30 6.987178169423332674e-30 5.543100149465532068e-30 4.158647761032327892e-30 2.842757678741342906e-30 1.702818308883107719e-30 8.666146646028451342e-31 3.589622704734617120e-31 1.222106717547741399e-31 2.416198800244660941e-32 2.839932410716859209e-33 1.212230092050090080e-34 9.007217799873183886e-30 7.371227811584155563e-30 5.883105751070991652e-30 4.446959608666857752e-30 3.069931042014405546e-30 1.862630735686572003e-30 9.632859235060653256e-31 4.064576982513221130e-31 1.378122383589981625e-31 2.832626257576024669e-32 3.374623015644022434e-33 1.458297382268468221e-34 9.542697057222946780e-30 7.873481218645703815e-30 6.331880000639132754e-30 4.828257570541230106e-30 3.369756804625578534e-30 2.072104542793231102e-30 1.088606791695479952e-30 4.670773874140070097e-31 1.583549998187765974e-31 3.347050042567138755e-32 4.028676447278923032e-33 1.757652053602916393e-34 9.738582198392080966e-30 8.056528407807263887e-30 6.495234056618176222e-30 4.966346919453955803e-30 3.477916624639628700e-30 2.147641990302555638e-30 1.133947583030770281e-30 4.891859104612497582e-31 1.662380361429189454e-31 3.542165868793910203e-32 4.288040859057968860e-33 1.886313325269930259e-34
1.313273457122898873e-30 9.810985057691974993e-31 7.471724189087589521e-31 5.484127343706544325e-31 3.707432342310008797e-31 2.203613439274342819e-31 1.107583497543855319e-31 4.399437935245397436e-32 4.286847122225674782e-33 2.333810994052743277e-30 -1.183880993766069127e-33 6.348506103198361824e-35 1.583974202324882975e-30 1.225381412612706739e-30 9.628430424750176722e-31 7.318477814719708983e-31 5.156782224336837382e-31 3.222521544027296507e-31 1.713137899255624351e-31 7.357430188586684204e-32 2.408371388467876262e-32 6.431727280403829390e-33 6.527425931965955411e-34 2.897063546942258808e-35 1.662135061189991281e-30 1.297176418138773729e-30 1.026836695989557248e-30 7.870416054460543502e-31 5.603618810230805881e-31 3.548151553966939591e-31 1.917980611649911945e-31 8.406291145700606922e-32 2.812996210995696712e-32 7.167876722273799735e-33 7.899128979821885187e-34 3.542122300631077304e-35 1.759580708002004331e-30 1.388843882257487958e-30 1.109744609873027090e-30 8.588912624648162517e-31 6.185674151218774374e-31 3.970098102841291030e-31 2.180650057474735468e-31 9.731447521870767783e-32 3.315949054500841439e-32 8.206034267866325567e-33 9.571758755232562285e-34 4.329607975950537345e-35 1.795896973683538306e-30 1.422799118412108915e-30 1.140390430094765119e-30 8.852916361281244040e-31 6.397983793247736863e-31 4.123684506683373166e-31 2.276591219367865903e-31 1.022025581989004719e-31 3.504847420663181208e-32 8.653007602775357366e-33 1.025289489835648378e-33 4.678041585150384769e-35
1.559842286138450925e-31 1.055215213586033832e-31 7.621640654889003909e-32 5.467467543407816131e-32 3.705904104957684640e-32 2.275720944237422362e-32 1.192335229287682552e-32 4.943525819373936753e-33 1.454526344534318498e-33 -1.183880993766069127e-33 2.995086137786656846e-31 -1.481020544296457384e-34 1.841047927574140123e-31 1.303274925633637538e-31 9.794531369527746747e-32 7.319281844470388560e-32 5.196200151043907046e-32 3.344286792526339771e-32 1.854086080137254547e-32 8.321725988759367080e-33 2.820275377238351425e-33 6.505165171880857333e-34 1.523582321733882944e-34 3.788180338742685919e-36 1.923810606040097440e-31 1.378027234403052240e-31 1.045813057717861377e-31 7.896002056330171238e-32 5.672206177997236429e-32 3.702039448303444592e-32 2.087943499522884354e-32 9.567214770579831183e-33 3.317675683248623987e-33 7.822756550927756182e-34 1.447829486638339032e-34 4.688807265664340659e-36 2.022936518658039876e-31 1.470531448344713180e-31 1.129744120126088353e-31 8.632369947924618023e-32 6.282356523587468752e-32 4.159312252304939866e-32 2.384312191977014212e-32 1.112500631357173563e-32 3.930859153409877594e-33 9.430742734160714258e-34 1.465379392426320582e-34 5.785890185159167141e-36 2.060830948417303364e-31 1.505627198199486195e-31 1.161484140080210221e-31 8.907450579568539073e-32 6.507985544836564963e-32 4.327599366090759939e-32 2.493621707429947203e-32 1.170562902549652033e-32 4.164499745712320322e-33 1.006613438675445819e-33 1.517783133236634553e-34 6.288471513851526717e-36
8.066197778804920775e-33 4.889447798547665571e-33 3.234322357085082960e-33 2.203886489276319592e-33 1.466296066923234895e-33 9.271011231881251275e-34 5.553473941814485300e-34 3.358476104038891136e-34 2.042411914667957151e-34 6.348506103198361824e-35 -1.481020544296457384e-34 2.310596544971597634e-32 9.152163328496165377e-33 5.805273129687597593e-33 4.033525907878681019e-33 2.852300495827849656e-33 1.968815608347905100e-33 1.271276681878570031e-33 7.235130410688555037e-34 3.383249439109138601e-34 1.200421445734423151e-34 2.881545827880134831e-35 3.782059930980101162e-36 2.798346352972557458e-36 9.480472090223487118e-33 6.092402030980598477e-33 4.284088322229062732e-33 3.068888945368553284e-33 2.148971656553091502e-33 1.409735399670281856e-33 8.171893148952902411e-34 3.903607586578617433e-34 1.416828183125910079e-34 3.471570015839703012e-35 4.643090272820380484e-36 1.592987250622074669e-36 9.856917325064676128e-33 6.434897060117591770e-33 4.591751223928831029e-33 3.338522949183728498e-33 2.375028850303966524e-33 1.583476982710743516e-33 9.339802085243132871e-34 4.545335943137064596e-34 1.680605609744032577e-34 4.185863644537372364e-35 5.683862307281766291e-36 6.421964845557100800e-37 1.000538985082051694e-32 6.568754167153665718e-33 4.711500357467678829e-33 3.441662805159529722e-33 2.460073813208676479e-33 1.648274276072441192e-33 9.775343274269350260e-34 4.787067048011071981e-34 1.782368765793190426e-34 4.473593584622887607e-35 6.129494055451412348e-36 4.726022205185376597e-37
2.266976820579457519e-26 1.179996285886129260e-26 5.759365802989771608e-27 2.573608782009745629e-27 1.041587640406465017e-27 3.799734979573313660e-28 1.246651212776424863e-28 3.575422709122811886e-29 8.591193552861756543e-30 1.583974202324882975e-30 1.841047927574140123e-31 9.152163328496165377e-33 4.160453430473842874e-26 1.248594872106625334e-26 6.235937199725632748e-27 2.839477679885872459e-27 1.175364760291558409e-27 4.404997332545034466e-28 1.490265998888536800e-28 4.413195482646263086e-29 1.091105375416914234e-29 2.041760341581822374e-30 2.355594968565995818e-31 1.132189110030723366e-32 2.742013711409065644e-26 1.278144100904287923e-26 6.359236362566058947e-27 2.905960294559712507e-27 1.209456266029624295e-27 4.564896586838985695e-28 1.557759408995791344e-28 4.660479985563236422e-29 1.165295318966905469e-29 2.206634272817396668e-30 2.568775209135665927e-31 1.236277570112059029e-32 2.850186790356248298e-26 1.305141723183601212e-26 6.524772916596119054e-27 2.998187063115493140e-27 1.256435871052287607e-27 4.780985770181136810e-28 1.646619402781831902e-28 4.973773504317329279e-29 1.254936043303532139e-29 2.394002591687678284e-30 2.802066147885312601e-31 1.350368729290052411e-32 2.888475305762738134e-26 1.314985967464320625e-26 6.584925660651698463e-27 3.031507205858889887e-27 1.273310501489402291e-27 4.858130347694623420e-28 1.678379915978271327e-28 5.085959104795007730e-29 1.287294913374455144e-29 2.464584295632130799e-30 2.899695327600582875e-31 1.406196605199286438e-32
1.179980686558691802e-26 7.331248439929163210e-27 3.789137633401461362e-27 1.814542291844281080e-27 7.805712170796361228e-28 2.983434938315055510e-28 1.011644449378215036e-28 2.943418384739715037e-29 6.987178169423332674e-30 1.225381412612706739e-30 1.303274925633637538e-31 5.805273129687597593e-33 1.248594872106625334e-26 1.442634950764383605e-26 4.125686835159776309e-27 2.032134859358031315e-27 8.960879550707067360e-28 3.522778008523547387e-28 1.233143856207959053e-28 3.711956299072037857e-29 9.105713463782105458e-30 1.637002715986406904e-30 1.752122561436218994e-31 7.630375277705069415e-33 1.278100390758193602e-26 8.906654074280684727e-27 4.251740014991884324e-27 2.088213002164473852e-27 9.257400924918450290e-28 3.666832783081705235e-28 1.295204202864623021e-28 3.940480153846235611e-29 9.784653308590588573e-30 1.783090892915278482e-30 1.933311576913423791e-31 8.464441808455216602e-33 1.305065723477277798e-26 9.272321080839144246e-27 4.380846449271026261e-27 2.164783695263620297e-27 9.667281354645946069e-28 3.862115345490444997e-28 1.377537032673598999e-28 4.234981345129023809e-29 1.062728395835050044e-29 1.955809216116456091e-30 2.139141154503445794e-31 9.409938482551845336e-33 1.314900481651778540e-26 9.401300723829804473e-27 4.427341823300374089e-27 2.192280299826359791e-27 9.813747276637333767e-28 3.931594823526406393e-28 1.406900655896702154e-28 4.340187864851494250e-29 1.093100899947759046e-29 2.020164744095048246e-30 2.222930852019407662e-31 9.852514650893494791e-33
5.759220272908177481e-27 3.789097630676746191e-27 2.263298508205407883e-27 1.150822865921017406e-27 5.290773368024391398e-28 2.141374522935549534e-28 7.612705591076755069e-29 2.294394049855537934e-29 5.543100149465532068e-30 9.628430424750176722e-31 9.794531369527746747e-32 4.033525907878681019e-33 6.235937199725632748e-27 4.125686835159776309e-27 4.985861018362482918e-27 1.303798878776501150e-27 6.208919107867578436e-28 2.590262379970194072e-28 9.516184003356795250e-29 2.968916793215487262e-29 7.421613448376365392e-30 1.327486492928955841e-30 1.372563826113030118e-31 5.593350244399252138e-33 6.359035268813853775e-27 4.251621019270856722e-27 2.810432134333693923e-27 1.356037708830598111e-27 6.448014152730050598e-28 2.711582461957183230e-28 1.005747225257210763e-28 3.172258002092651706e-29 8.028201076460809665e-30 1.456538158085121111e-30 1.528329490469316656e-31 6.286512119982973919e-33 6.524616933155112015e-27 4.380764005344122817e-27 2.943280008165339853e-27 1.413932327036569677e-27 6.777413337500406682e-28 2.876278535712355349e-28 1.077738496196143437e-28 3.436378348113579398e-29 8.793635298800872939e-30 1.612932499955402530e-30 1.710602894837221855e-31 7.090023731127771879e-33 6.584452465598792370e-27 4.427178528427061607e-27 2.990150004055239249e-27 1.434608301343610896e-27 6.894679856352429112e-28 2.934794958345755630e-28 1.103368002045835150e-28 3.530703447173412010e-29 9.069663820505385135e-30 1.670860479644511161e-30 1.783135722501724427e-31 7.453596890996217911e-33
2.573534512235412297e-27 1.814535481603872701e-27 1.150831663867335044e-27 6.702732383631624106e-28 3.270636528708132481e-28 1.410793488615815731e-28 5.285779137900479287e-29 1.665598379567792614e-29 4.158647761032327892e-30 7.318477814719708983e-31 7.319281844470388560e-32 2.852300495827849656e-33 2.839477679885872459e-27 2.032134859358031315e-27 1.303798878776501150e-27 1.697029045228869177e-27 3.913607411447640062e-28 1.759817712632715091e-28 6.827923445761090204e-29 2.229044334034936192e-29 5.760819033664216905e-30 1.045889531334778085e-30 1.070862927307279049e-31 4.177418377124238601e-33 2.906103847657014517e-27 2.088264843552396448e-27 1.356009494357388603e-27 8.666448332810578842e-28 4.120428609664662795e-28 1.855496558135968421e-28 7.276544767614695517e-29 2.402818267000454117e-29 6.286712630705255398e-30 1.158051617395677329e-30 1.204293201788169017e-31 4.760264209506476031e-33 2.998505340709397566e-27 2.164972667540475586e-27 1.413960036525645437e-27 9.168785289428529093e-28 4.364842038592407122e-28 1.985531674748812174e-28 7.871806481769461241e-29 2.628921533315856479e-29 6.956497177071552119e-30 1.296152272874345973e-30 1.364068844559197575e-31 5.447184737939730870e-33 3.031687055358315596e-27 2.192405250246270943e-27 1.434626474996909024e-27 9.347241986882636598e-28 4.451667805685325603e-28 2.031710099898353971e-28 8.083670220738380660e-29 2.709730719207660294e-29 7.198678871028401369e-30 1.347154839253017499e-30 1.426603707208450257e-31 5.747394611341370226e-33
1.041594584594339878e-27 7.806072608747201078e-28 5.291156288894047478e-28 3.270861209426874568e-28 1.824041245280305431e-28 8.318780084678489710e-29 3.300151259568272897e-29 1.091282470164152108e-29 2.842757678741342906e-30 5.156782224336837382e-31 5.196200151043907046e-32 1.968815608347905100e-33 1.175364760291558409e-27 8.960879550707067360e-28 6.208919107867578436e-28 3.913607411447640062e-28 5.550469386036505689e-28 1.068985096882313689e-28 4.444140813846701305e-29 1.525770057518137890e-29 4.115989379246470435e-30 7.703108829513712716e-31 7.978415903053987270e-32 3.065551065972286493e-33 1.209599364736904187e-27 9.258576250831268979e-28 6.448470230575180641e-28 4.120419340025965089e-28 2.517102208151798969e-28 1.145650934208299370e-28 4.787286237586444650e-29 1.664816686618740463e-29 4.546636948891491863e-30 8.634823971722629134e-31 9.086647277037334101e-32 3.535952860325324343e-33 1.256665533247318536e-27 9.669417870011114196e-28 6.778489496008288351e-28 4.365032245557964465e-28 2.704349400829281186e-28 1.238926938611023212e-28 5.240566807263558062e-29 1.844814066613846646e-29 5.097142382504793688e-30 9.791800549817921267e-31 1.043236149228462420e-31 4.109755617471100974e-33 1.273537881673881602e-27 9.816112518934981983e-28 6.896024886262441104e-28 4.451920132783517405e-28 2.770874612290303601e-28 1.272072946671730259e-28 5.402082752931326725e-29 1.909310611307185850e-29 5.296588093010278485e-30 1.021919395262531912e-30 1.095381442018558207e-31 4.353101603315297536e-33
3.800614224568771118e-28 2.984221219271249537e-28 2.142008735740080025e-28 1.411204763705308225e-28 8.320614595503440555e-29 4.321465977902195824e-29 1.796285207258094840e-29 6.246637835818385262e-30 1.702818308883107719e-30 3.222521544027296507e-31 3.344286792526339771e-32 1.271276681878570031e-33 4.404997332545034466e-28 3.522778008523547387e-28 2.590262379970194072e-28 1.759817712632715091e-28 1.068985096882313689e-28 1.811925565668338137e-28 2.518857891305091690e-29 9.212383298567592276e-30 2.606033652969735047e-30 5.080513249125462745e-31 5.424118081554583095e-32 2.124396254076768154e-33 4.565550291642773173e-28 3.667272076430367660e-28 2.711778759374278890e-28 1.855526524812096536e-28 1.145594920444619298e-28 6.586228635388039721e-29 2.771943764869900739e-29 1.021627728386251411e-29 2.926684233731101978e-30 5.791016002933841165e-31 6.279211831695624218e-32 2.467345249717502203e-33 4.782578321144650803e-28 3.863368886673891724e-28 2.876942008921372816e-28 1.985716359035521408e-28 1.238898250895150509e-28 7.232118550007767572e-29 3.076842812986504107e-29 1.149856063094054841e-29 3.335100537000489206e-30 6.674194072166919116e-31 7.324597785935681999e-32 2.915605539310179451e-33 4.860368034747860906e-28 3.933500309183588821e-28 2.935956761296243900e-28 2.032114760524576210e-28 1.272082526916961888e-28 7.463110313424759303e-29 3.185878333855168925e-29 1.196011419011316587e-29 3.483864912955345063e-30 7.001838542412438279e-31 7.728459266993332745e-32 3.102935289235402791e-33
1.247841660107590246e-28 1.012576662725371694e-28 7.619657468860089857e-29 5.290468488912735614e-29 3.302764973622135121e-29 1.797280868633190693e-29 8.504254811903796222e-30 3.047928384748918438e-30 8.666146646028451342e-31 1.713137899255624351e-31 1.854086080137254547e-32 7.235130410688555037e-34 1.490265998888536800e-28 1.233143856207959053e-28 9.516184003356795250e-29 6.827923445761090204e-29 4.444140813846701305e-29 2.518857891305091690e-29 5.968733887781642133e-29 4.712321078128922539e-30 1.412662967898618167e-30 2.880069302888329083e-31 3.195450772821473353e-32 1.315319798411060275e-33 1.557694735171553173e-28 1.295166813238499902e-28 1.005593064408262921e-28 7.274825382861961943e-29 4.785953365393895856e-29 2.771263868577497962e-29 1.482477097278238264e-29 5.390707402544484089e-30 1.623295962157153851e-30 3.353769953937519110e-31 3.783994529148889874e-32 1.529866141064823405e-33 1.646813926285990895e-28 1.377767806827195852e-28 1.077705063293862928e-28 7.870001919689610807e-29 5.238757580720176300e-29 3.075810921369058124e-29 1.673607909089920994e-29 6.174646049030696635e-30 1.886263512563462695e-30 3.942442350375808660e-31 4.499209018564398779e-32 1.841827561868656932e-33 1.678990651599462246e-28 1.407511724035544120e-28 1.103650432831397419e-28 8.083577034064232572e-29 5.400930678981641275e-29 3.184912521884973793e-29 1.742718783122982731e-29 6.458959280353567301e-30 1.982751752292779191e-30 4.162661822491088852e-31 4.776627679143186866e-32 1.972213169048206415e-33
3.585822170684140932e-29 2.951146772284914352e-29 2.300023036046739399e-29 1.669430900332993049e-29 1.093581586124751970e-29 6.257862105838277588e-30 3.051558994421137432e-30 1.257119294902010752e-30 3.589622704734617120e-31 7.357430188586684204e-32 8.321725988759367080e-33 3.383249439109138601e-34 4.413195482646263086e-29 3.711956299072037857e-29 2.968916793215487262e-29 2.229044334034936192e-29 1.525770057518137890e-29 9.212383298567592276e-30 4.712321078128922539e-30 1.889862966756692268e-29 6.066931910443963934e-31 1.322978772812732678e-31 1.525108874531681570e-32 6.906304478403231302e-34 4.655527789989403574e-29 3.937169175176660589e-29 3.169357547790658275e-29 2.400433127833077284e-29 1.663059931335354795e-29 1.020572584608311351e-29 5.386569815499265010e-30 2.592931277529154024e-30 7.361198634051184255e-31 1.584581980021717566e-31 1.861685016160256135e-32 7.835217655488933683e-34 4.966850257527914911e-29 4.230869907959248031e-29 3.432604778035235904e-29 2.625377943210004013e-29 1.841999060566533929e-29 1.148074426396957673e-29 6.167408851886946881e-30 3.021464155840476934e-30 8.735248679012375927e-31 1.905551127436789132e-31 2.263440784052833489e-32 9.638762445198609366e-34 5.080460906440087782e-29 4.337799697738907846e-29 3.528432680412008040e-29 2.706957895165374509e-29 1.906718638373728011e-29 1.194210338949057632e-29 6.451012059211286708e-30 3.179237477746070784e-30 9.245237110613468071e-31 2.027145621289241429e-31 2.421026619904068726e-32 1.039388553318888137e-33
8.651567246866994839e-30 7.031025495673300467e-30 5.574675096932407603e-30 4.180261514256202475e-30 2.856175431299487946e-30 1.710001390585725411e-30 8.696275498906517680e-31 3.597477206269302847e-31 1.222106717547741399e-31 2.408371388467876262e-32 2.820275377238351425e-33 1.200421445734423151e-34 1.091105375416914234e-29 9.105713463782105458e-30 7.421613448376365392e-30 5.760819033664216905e-30 4.115989379246470435e-30 2.606033652969735047e-30 1.412662967898618167e-30 6.066931910443963934e-31 5.269988287547696868e-30 4.175090743999565352e-32 5.466558263327507254e-33 2.873817887385898819e-34 1.160318586855256395e-29 9.750844106810669310e-30 8.002183268131244350e-30 6.267140951572287369e-30 4.532707185304248209e-30 2.917962145580287119e-30 1.618902137872385531e-30 7.347230338460547424e-31 3.081687521427188525e-31 5.662778803598198891e-32 6.881692746392792298e-33 3.017778624142305782e-34 1.246459465032784249e-29 1.057214810036639778e-29 8.751368173553364671e-30 6.923295536146445635e-30 5.072880079391961057e-30 3.319448676676194203e-30 1.878126406031726556e-30 8.708591564682461042e-31 3.699583062846316749e-31 6.964790934018060464e-32 8.564031873333677875e-33 3.797441278575051366e-34 1.278481557846763792e-29 1.087622246491828363e-29 9.028685052339526624e-30 7.165069258986802802e-30 5.270791500217586381e-30 3.466524966330385523e-30 1.973422492750850699e-30 9.213334356894583140e-31 3.933610077408806451e-31 7.466378767686498785e-32 9.236589568245066261e-33 4.128460513492639262e-34
1.605366459608586065e-30 1.240753444334926867e-30 9.738552943003075687e-31 7.394062488395150108e-31 5.204502338052298212e-31 3.249086308170443807e-31 1.725349498440345637e-31 7.398630935098064918e-32 2.416198800244660941e-32 6.431727280403829390e-33 6.505165171880857333e-34 2.881545827880134831e-35 2.041760341581822374e-30 1.637002715986406904e-30 1.327486492928955841e-30 1.045889531334778085e-30 7.703108829513712716e-31 5.080513249125462745e-31 2.880069302888329083e-31 1.322978772812732678e-31 4.175090743999565352e-32 1.130413966968533266e-30 6.683869295997822851e-34 7.459625679291190237e-35 2.181388921851015988e-30 1.766029919145291375e-30 1.443935950287117471e-30 1.148829029161945771e-30 8.570137628974345302e-31 5.749657136119523837e-31 3.331215931828684696e-31 1.575297991735909043e-31 5.640660531133998429e-32 2.133254713376026817e-32 1.685034180074997940e-33 7.624489061985633877e-35 2.346892268369397870e-30 1.924548545608869296e-30 1.590094294739793645e-30 1.279139134651453574e-30 9.670655192913409112e-31 6.595233213232164887e-31 3.898376482193809603e-31 1.886929081544146680e-31 6.918971475308174799e-32 2.594189506125510499e-32 2.138747626318601016e-33 9.784556616987855989e-35 2.410125232270855392e-30 1.984733448306370644e-30 1.645459395530975699e-30 1.327996038239506801e-30 1.007977385221834995e-30 6.908765388565226391e-31 4.109363433044462425e-31 2.003942846001632733e-31 7.406913917385430729e-32 2.776382074921310998e-32 2.324684086809940913e-33 1.072386227580615613e-34
1.877908793820599094e-31 1.329640388384902695e-31 9.982706066463440732e-32 7.448631038492587780e-32 5.278498726039296368e-32 3.391018777575725145e-32 1.876416651514550068e-32 8.403652335601210769e-33 2.839932410716859209e-33 6.527425931965955411e-34 1.523582321733882944e-34 3.782059930980101162e-36 2.355594968565995818e-31 1.752122561436218994e-31 1.372563826113030118e-31 1.070862927307279049e-31 7.978415903053987270e-32 5.424118081554583095e-32 3.195450772821473353e-32 1.525108874531681570e-32 5.466558263327507254e-33 6.683869295997822851e-34 1.437206392046306473e-31 -5.471973985666958940e-35 2.511636243862895541e-31 1.894524740251107796e-31 1.500214098415516107e-31 1.184010680282113629e-31 8.945537001523412526e-32 6.188466294646330830e-32 3.732831014149123204e-32 1.838601833430251360e-32 6.809764955912577540e-33 1.673954200002334428e-33 8.254259486641838396e-34 9.922003796062676012e-36 2.687388407653727160e-31 2.062288883413278825e-31 1.655363371090116726e-31 1.323788557725702570e-31 1.014948862937960445e-31 7.139897430280374503e-32 4.392858064546777683e-32 2.214058191798227649e-32 8.405150979718551634e-33 2.113708577715349944e-33 9.755878751633537343e-34 1.288818449498110200e-35 2.756846400404191926e-31 2.128016732456362985e-31 1.715905854847377681e-31 1.377403223299680214e-31 1.060435323330337328e-31 7.496979876190554196e-32 4.640823350563531945e-32 2.356440561609798417e-32 9.021683285995364693e-33 2.288471469656864375e-33 1.037530982019407735e-33 1.427002731436414838e-35
9.362181928341763930e-33 5.954337439558555462e-33 4.139894482376421611e-33 2.924732586377255595e-33 2.014822534044404114e-33 1.297328102135647724e-33 7.360513862174897094e-34 3.430133474222133696e-34 1.212230092050090080e-34 2.897063546942258808e-35 3.788180338742685919e-36 2.798346352972557458e-36 1.132189110030723366e-32 7.630375277705069415e-33 5.593350244399252138e-33 4.177418377124238601e-33 3.065551065972286493e-33 2.124396254076768154e-33 1.315319798411060275e-33 6.906304478403231302e-34 2.873817887385898819e-34 7.459625679291190237e-35 -5.471973985666958940e-35 1.106061752363351433e-32 1.197122898465981903e-32 8.192947092420829015e-33 6.093266385730576073e-33 4.619881919481383784e-33 3.437208781189500360e-33 2.402526701346729592e-33 1.492207849476238095e-33 7.657037161253920517e-34 2.958182997085741026e-34 7.513851255970139570e-35 9.843520276705841084e-36 2.641202763476877321e-35 1.265731663100276431e-32 8.837786414812246074e-33 6.686833490611794152e-33 5.154772932105020690e-33 3.902816622003083388e-33 2.778695287722870077e-33 1.761707036904291884e-33 9.249421693014947249e-34 3.659489122971607982e-34 9.500772354497942321e-35 1.270153701338200789e-35 2.981772813469098311e-35 1.293821541426790941e-32 9.098961202142317673e-33 6.925844642632288613e-33 5.365176812751126146e-33 4.082096257848544193e-33 2.921784223474095619e-33 1.863904141222344509e-33 9.857839788317773569e-34 3.932779849396354403e-34 1.030131553807449370e-34 1.389055914974952638e-35 3.129778487304594067e-35
2.280418925223722174e-26 1.197335126716491847e-26 5.862013888812810594e-27 2.629295674065937950e-27 1.068961315421581115e-27 3.920421391306317265e-28 1.293780008974081073e-28 3.732025861772464556e-29 9.007217799873183886e-30 1.662135061189991281e-30 1.923810606040097440e-31 9.480472090223487118e-33 2.742013711409065644e-26 1.278100390758193602e-26 6.359035268813853775e-27 2.906103847657014517e-27 1.209599364736904187e-27 4.565550291642773173e-28 1.557694735171553173e-28 4.655527789989403574e-29 1.160318586855256395e-29 2.181388921851015988e-30 2.511636243862895541e-31 1.197122898465981903e-32 4.069861875766284225e-26 1.289408940085430493e-26 6.478279160964805494e-27 2.975580698312338792e-27 1.245975251513276749e-27 4.738302277209475122e-28 1.632212987884967898e-28 4.936155643123456492e-29 1.247718113111992946e-29 2.378543926007134446e-30 2.768658228483372977e-31 1.323048998689519241e-32 3.288389938445813698e-26 1.323423819023298160e-26 6.652220236565489949e-27 3.071956865623880512e-27 1.295627844127472008e-27 4.971043535533240223e-28 1.730232295780151252e-28 5.292485084118797972e-29 1.352968867823994393e-29 2.605163342838573108e-30 3.054285477083299594e-31 1.461947141632223724e-32 3.387716933793669104e-26 1.333193467853308240e-26 6.714430915053725712e-27 3.106871023296358203e-27 1.313528748836717293e-27 5.054210288198835599e-28 1.765369263896861292e-28 5.420830880717481291e-29 1.391401277860237674e-29 2.691659263395609363e-30 3.174307589522795365e-31 1.528632999415792019e-32
1.197324939226780205e-26 7.421254850754448696e-27 3.868665158707912553e-27 1.860075853061328929e-27 8.040479415576942890e-28 3.090368388989495553e-28 1.054364573138014191e-28 3.087328387377430503e-29 7.371227811584155563e-30 1.297176418138773729e-30 1.378027234403052240e-31 6.092402030980598477e-33 1.278144100904287923e-26 8.906654074280684727e-27 4.251621019270856722e-27 2.088264843552396448e-27 9.258576250831268979e-28 3.667272076430367660e-28 1.295166813238499902e-28 3.937169175176660589e-29 9.750844106810669310e-30 1.766029919145291375e-30 1.894524740251107796e-31 8.192947092420829015e-33 1.289408940085430493e-26 1.382379465247883447e-26 4.322248912300947707e-27 2.145773804409756064e-27 9.577389125207516112e-28 3.823496871555676885e-28 1.363950237309375290e-28 4.198258626755297804e-29 1.055481551466571907e-29 1.942691430815323251e-30 2.115191699895286216e-31 9.225217182543245221e-33 1.323387315258728820e-26 1.057684227752842157e-26 4.477230382891791200e-27 2.226597411908225144e-27 1.001215010273212492e-27 4.034852050639883919e-28 1.455214498141963593e-28 4.534754569016888208e-29 1.154965051347879293e-29 2.153163080724340557e-30 2.370537673598694988e-31 1.040198363632105960e-32 1.333153605918039486e-26 1.087860596837716454e-26 4.524828973688147739e-27 2.255521437614839302e-27 1.016828269118638956e-27 4.110116940473903568e-28 1.487879329659915600e-28 4.655691994788038679e-29 1.191317988368363811e-29 2.232783602478326063e-30 2.475364332569262855e-31 1.094136799352099487e-32
