# Created by Tilman Tröster (tilman@troester.space) on 2021-08-21 16:28:12 using add_up_covariance_terms.py
# Covariance total_SSC_mask (gaussian_nka+hmx_cNG_1h+hmx_SSC_mask_wl+m) of Cl_TE (tomographic bins (0, 0), (1, 0), (2, 0), (3, 0), (4, 0))
4.947811534107879900e-26 1.087687439962336916e-26 5.328070270562083959e-27 2.347963855615414491e-27 9.331398319713313470e-28 3.331846142690559848e-28 1.068850394598185402e-28 3.001649707562385275e-29 7.123466870510736952e-30 1.313341589487007577e-30 1.559844570614852455e-31 8.063065029661768523e-33 2.259388351975036321e-26 1.180022202100412668e-26 5.759244510774785257e-27 2.573534671762772676e-27 1.041593654074450463e-27 3.800613962971891818e-28 1.247842473371280474e-28 3.585829078168925237e-29 8.651547064740850086e-30 1.605369246767520236e-30 1.877911540542753365e-31 9.361888650978990129e-33 2.274208271890872965e-26 1.197358199991536679e-26 5.861841702978373590e-27 2.629120258865293186e-27 1.068890743666093424e-27 3.921026480183154847e-28 1.295159595933140276e-28 3.746596044891925249e-29 9.104093570178170017e-30 1.700894045807804355e-30 1.998779694245631752e-31 9.949907953439309369e-33 2.303220129849259995e-26 1.221873758174528492e-26 6.006181219380591447e-27 2.706800979640024169e-27 1.106711932272551004e-27 4.085692177510210804e-28 1.358551156470145385e-28 3.954782957054389894e-29 9.660165186574239655e-30 1.811148198516165499e-30 2.131714945844456405e-31 1.059086887690661860e-32 2.315802000217044956e-26 1.230824406804714710e-26 6.058533133796498800e-27 2.734789559765419700e-27 1.120265976321286380e-27 4.144486036458100596e-28 1.381135894323880223e-28 4.028937508241566073e-29 9.859724128414370788e-30 1.852310071346660060e-30 2.187079045923912107e-31 1.091405331576821348e-32
1.087687439962336916e-26 1.831533269493060698e-26 3.400086768005941291e-27 1.630468332116182218e-27 6.885365186241921470e-28 2.572246720021569046e-28 8.517953783715768349e-29 2.421823861263868917e-29 5.646699871682288508e-30 9.811153323862543942e-31 1.055244924396462770e-31 4.888245416956869496e-33 1.180037424708494480e-26 7.321332583288421621e-27 3.789145103478237585e-27 1.814536767119316458e-27 7.806068409432702557e-28 2.984221682274832066e-28 1.012576984502707434e-28 2.951147349797954179e-29 7.031022833767666696e-30 1.240753282630110191e-30 1.329642278180345418e-31 5.954282073894937886e-33 1.197369130935987166e-26 7.413205299643684029e-27 3.868635893493559671e-27 1.860010335062699526e-27 8.040307251955851296e-28 3.090987324135016584e-28 1.055437106628111461e-28 3.097979895467610314e-29 7.440505617971124762e-30 1.324584422094187586e-30 1.430783961058686800e-31 6.421992947378247646e-33 1.221877606431282999e-26 7.564929880940892186e-27 3.979945766665809545e-27 1.923405847734003797e-27 8.364656689678088110e-28 3.237229381996756769e-28 1.113184580954474681e-28 3.290579620775730918e-29 7.955910612671551821e-30 1.424812845791170698e-30 1.546204618013668951e-31 6.944480097017167604e-33 1.230821434498628886e-26 7.626015487298950471e-27 4.020004392335265524e-27 1.946112667231615781e-27 8.480322099603754454e-28 3.289234311629040754e-28 1.133696846103743785e-28 3.359018380237111488e-29 8.140294403596044302e-30 1.461781400908641985e-30 1.592885514112286865e-31 7.196290274577072231e-33
5.328070270562083959e-27 3.400086768005941291e-27 6.764539184777559511e-27 9.950438437611054539e-28 4.573483361949157224e-28 1.806724716776633522e-28 6.263956084133434568e-29 1.844038751924490078e-29 4.366628577921774918e-30 7.471783474925053077e-31 7.621609154439834055e-32 3.234169059587909322e-33 5.759390274687606170e-27 3.789184781527449784e-27 2.262817997160476072e-27 1.150831907159859832e-27 5.291155639389946559e-28 2.142008486605199081e-28 7.619659071901920152e-29 2.300023245077146892e-29 5.574675293563657690e-30 9.738553165606774136e-31 9.982708188609153319e-32 4.139883619258493810e-33 5.862035576275901104e-27 3.868704181735579688e-27 2.308321945365589794e-27 1.184605835518776314e-27 5.475242653518676804e-28 2.229874186621566150e-28 7.984698518185061871e-29 2.427865514532677451e-29 5.933753056517904250e-30 1.046625609538340777e-30 1.083634592054152856e-31 4.519398106017990029e-33 6.006384350158741519e-27 3.980047120214983181e-27 2.378094612390104937e-27 1.231533596735313714e-27 5.729669432568079549e-28 2.350187629365675247e-28 8.477432051560438100e-29 2.596644260158335941e-29 6.392369500810098761e-30 1.135698277866579713e-30 1.183882901491475519e-31 4.954327445388633246e-33 6.058641519215033749e-27 4.020082717209899538e-27 2.404967708136896694e-27 1.248252217929345470e-27 5.820044439818607434e-28 2.392843977004317756e-28 8.652079267994548454e-29 2.656539968087955234e-29 6.556179713119229307e-30 1.168321442861700689e-30 1.223538030370180431e-31 5.155750554084977119e-33
2.347963855615414491e-27 1.630468332116182218e-27 9.950438437611054539e-28 2.439357076546131151e-27 2.695414942828591232e-28 1.158910474673229136e-28 4.220808616256085739e-29 1.298560937810225357e-29 3.177550806560447821e-30 5.484027835851371698e-31 5.467613652240883728e-32 2.204734023131635451e-33 2.573610256808120087e-27 1.814544120229083696e-27 1.150823115872263177e-27 6.705856510642873511e-28 3.270843106156781755e-28 1.411204741440028048e-28 5.290468272759048503e-29 1.669430812898209417e-29 4.180261964498208319e-30 7.394061630180153503e-31 7.448630000417222246e-32 2.924745388809066189e-33 2.629296987728639137e-27 1.860077474669681388e-27 1.184608606119674085e-27 6.909353925977820004e-28 3.403666460077271262e-28 1.478426708331705928e-28 5.582443162862240935e-29 1.774989104560161869e-29 4.482448105994281382e-30 8.008678863021497548e-31 8.159836634901813008e-32 3.232625782395451874e-33 2.707044914205695205e-27 1.923541592899737875e-27 1.231570401050792018e-27 7.207110941796097560e-28 3.586647582269367257e-28 1.570283273935289970e-28 5.976214923286423940e-29 1.914688861764015716e-29 4.871610604714167831e-30 8.772756130899685578e-31 9.013681490880870557e-32 3.592754458435693880e-33 2.735002388032164110e-27 1.946251660770368210e-27 1.248302893287892791e-27 7.318007016759053871e-28 3.651449076660559970e-28 1.602786443533655203e-28 6.115616033772180612e-29 1.964246712393819744e-29 5.010580320610781070e-30 9.051992233489193577e-31 9.345935604887953358e-32 3.753644381349433357e-33
9.331398319713313470e-28 6.885365186241921470e-28 4.573483361949157224e-28 2.695414942828591232e-28 8.763914793207258993e-28 6.431993596322171223e-29 2.539259314863791138e-29 8.170966109769357215e-30 2.090102505372584259e-30 3.706707322906678653e-31 3.706252033535825582e-32 1.471005890417492470e-33 1.041586485791899325e-27 7.805707961684170386e-28 5.290773220220305451e-28 3.270618761109872307e-28 1.827425462776092867e-28 8.320536405439588344e-29 3.302762785974970612e-29 1.093580650980699805e-29 2.856176424013780806e-30 5.204497340517569165e-31 5.278500842870768449e-32 2.014836761446797911e-33 1.068960414816621899e-27 8.040475985920765973e-28 5.475048023460653183e-28 3.403456709631437362e-28 1.907099974486087737e-28 8.784085387714072075e-29 3.515766672651917645e-29 1.173855690673377930e-29 3.092767041254213531e-30 5.693645401549745347e-31 5.845004041918661160e-32 2.256671546837424993e-33 1.106848179924557727e-27 8.365436609086794954e-28 5.729830362302304595e-28 3.586548362184714400e-28 2.020319573303748649e-28 9.414897337164122312e-29 3.802192386710384055e-29 1.279968371833909598e-29 3.398338063957206010e-30 6.307557584905021621e-31 6.535814764550599146e-32 2.544537392093934173e-33 1.120416899237117810e-27 8.481366089557219059e-28 5.820456441037823436e-28 3.651446545653048000e-28 2.061665291870986592e-28 9.637962378458286851e-29 3.903600827451087183e-29 1.317649958344237835e-29 3.507619300279668272e-30 6.531500079285871237e-31 6.801854155651866855e-32 2.669200015642831213e-33
3.331846142690559848e-28 2.572246720021569046e-28 1.806724716776633522e-28 1.158910474673229136e-28 6.431993596322171223e-29 3.296095510395024219e-28 1.273623648795129248e-29 4.440098163090121031e-30 1.193183513502044997e-30 2.201746058709846114e-31 2.277377714412201557e-32 9.382457742608044956e-34 3.799736577011320904e-28 2.983435397116072199e-28 2.141374574902119246e-28 1.410793528863266971e-28 8.318701827590324558e-29 4.338461328176453031e-29 1.797256448236415191e-29 6.257841711419068674e-30 1.710002555144037885e-30 3.249073860570616588e-31 3.391045328362034264e-32 1.297314790095700899e-33 3.920422513162682928e-28 3.090368635528762337e-28 2.229259161778815886e-28 1.477970969399438335e-28 8.781774988156512902e-29 4.600323097023918434e-29 1.933293355416231742e-29 6.798514620420763957e-30 1.875426430645334811e-30 3.600523023774652525e-31 3.804515123842644073e-32 1.474237396322890703e-33 4.085595003886988438e-28 3.237053624940224495e-28 2.349826660852792530e-28 1.569911679788415631e-28 9.412732886107579574e-29 4.964711280829647202e-29 2.115176876469915766e-29 7.509784386388584546e-30 2.088612384528025882e-30 4.042826818226576758e-31 4.313079402765485263e-32 1.687267616105526621e-33 4.144683764223713134e-28 3.289370689733619986e-28 2.392741808067640244e-28 1.602541348693063278e-28 9.636145521932212348e-29 5.097022454144054650e-29 2.179702618502480506e-29 7.763107382870198844e-30 2.165142870307438547e-30 4.204548494855270500e-31 4.508011258086040665e-32 1.777690329977927067e-33
1.068850394598185402e-28 8.517953783715768349e-29 6.263956084133434568e-29 4.220808616256085739e-29 2.539259314863791138e-29 1.273623648795129248e-29 1.206578936188966419e-28 1.906967029067476175e-30 5.677127253950420765e-31 1.106067303077207557e-31 1.192697421856239592e-32 5.718267874807298093e-34 1.246651275202513660e-28 1.011644539740827678e-28 7.612706180453156305e-29 5.285778883765023295e-29 3.300149308274542571e-29 1.796260261067226669e-29 8.548504585046934320e-30 3.051501725794939106e-30 8.696253025844533472e-31 1.725342249384471962e-31 1.876430763568893344e-32 7.360567384273078151e-34 1.293780118615940716e-28 1.054364707978235144e-28 7.976101270282908467e-29 5.576282844800190173e-29 3.512116700969698336e-29 1.931813098950233128e-29 9.242368872914108289e-30 3.361675811448833468e-30 9.689802399101044229e-31 1.943549816975176480e-31 2.140111449329463650e-32 8.507636771538604623e-34 1.357325239408770398e-28 1.112270615999432149e-28 8.469627056534253124e-29 5.970087583759912137e-29 3.798318900997628967e-29 2.113515429811385324e-29 1.018793316578423019e-29 3.766439372538589405e-30 1.096232090535553918e-30 2.217367292456511571e-31 2.465164210770331124e-32 9.896423920330745374e-34 1.380118370883763741e-28 1.132986382223029658e-28 8.645950865775278448e-29 6.110374294932647255e-29 3.900055251741710337e-29 2.178090829303805283e-29 1.053257555893787090e-29 3.911458043978943456e-30 1.142210814634501605e-30 2.318194625652211318e-31 2.590099421688066808e-32 1.048211393427086898e-33
3.001649707562385275e-29 2.421823861263868917e-29 1.844038751924490078e-29 1.298560937810225357e-29 8.170966109769357215e-30 4.440098163090121031e-30 1.906967029067476175e-30 4.099185220231257021e-29 1.768305207769101942e-31 4.379029447167507741e-32 4.924901141965998250e-33 3.553977479952198118e-34 3.575431273656186205e-29 2.943419718753782063e-29 2.294394346681887393e-29 1.665598220102674707e-29 1.091281385419200049e-29 6.246617697023680676e-30 3.047869690787482651e-30 1.265137772739952687e-30 3.597393036088860752e-31 7.398601451348913672e-32 8.403646793934819761e-33 3.430338296751310223e-34 3.732032850936639337e-29 3.087329473095683838e-29 2.419871451592120590e-29 1.769348505864310019e-29 1.170312832227880802e-29 6.780267190553301228e-30 3.355409232818129999e-30 1.398060042789728119e-30 4.080494782804911089e-31 8.499636180742929940e-32 9.776271036339773450e-33 4.043916762536958344e-34 3.939017861090481707e-29 3.279363647803842607e-29 2.588097756876530451e-29 1.908403018944215628e-29 1.275866689883437067e-29 7.487787220374406200e-30 3.758566058301590270e-30 1.575458696118988796e-30 4.693095472340188677e-31 9.871394199495669845e-32 1.146370285873015637e-32 4.788809702807701265e-34 4.013793578747419521e-29 3.348546857225397888e-29 2.648643213150775901e-29 1.958274337680627394e-29 1.313623960588708092e-29 7.740863403508561422e-30 3.903231866925365394e-30 1.641194031256942370e-30 4.916737064278617265e-31 1.038276038166582272e-31 1.211943338006983028e-32 5.103713130156905484e-34
7.123466870510736952e-30 5.646699871682288508e-30 4.366628577921774918e-30 3.177550806560447821e-30 2.090102505372584259e-30 1.193183513502044997e-30 5.677127253950420765e-31 1.768305207769101942e-31 1.206413178726272479e-29 2.983072902389490770e-33 1.428919902375053231e-33 2.229891542457629492e-34 8.591172016233177573e-30 6.987175213966847050e-30 5.543100237873567790e-30 4.158648339099500266e-30 2.842759301099295442e-30 1.702818930611848662e-30 8.666120681126108610e-31 3.589536495327118555e-31 1.234827245948582828e-31 2.416091825309868034e-32 2.839902393349505712e-33 1.212387671669273509e-34 9.007200017248622145e-30 7.371225118821390108e-30 5.883105405066261342e-30 4.446960073099487342e-30 3.069932541300989043e-30 1.862631386309534118e-30 9.632836918602639152e-31 4.064504797270592767e-31 1.388308994547881127e-31 2.832540983574116053e-32 3.374589683056069972e-33 1.458439111397580018e-34 9.542682319911563833e-30 7.873479254148931230e-30 6.331879965426501998e-30 4.828258188363373737e-30 3.369758673695673118e-30 2.072105742444962018e-30 1.088604831606166060e-30 4.670710285475642705e-31 1.591926802124397686e-31 3.346973436590602685e-32 4.028649675736950999e-33 1.757800480230896376e-34 9.738567971748420044e-30 8.056526450776605316e-30 6.495233829494074598e-30 4.966347173453302134e-30 3.477918055155302632e-30 2.147642767620020693e-30 1.133945455789713234e-30 4.891793549243546444e-31 1.670495437046600985e-31 3.542096890492066553e-32 4.288022656890508696e-33 1.886443514880293518e-34
1.313341589487007577e-30 9.811153323862543942e-31 7.471783474925053077e-31 5.484027835851371698e-31 3.706707322906678653e-31 2.201746058709846114e-31 1.106067303077207557e-31 4.379029447167507741e-32 2.983072902389490770e-33 2.566828932389500583e-30 -1.333258633161337217e-33 6.762580612364258827e-35 1.583975815591437735e-30 1.225381347499702721e-30 9.628431360623541118e-31 7.318476041118772939e-31 5.156774976445987485e-31 3.222509124331895638e-31 1.713132031352217508e-31 7.357402571374072035e-32 2.408260660468403375e-32 6.540072909183773148e-33 6.526663725345190412e-34 2.897273481293240804e-35 1.662136381702486157e-30 1.297176378305243928e-30 1.026836781306527541e-30 7.870414520694677257e-31 5.603612437729703598e-31 3.548140211228538973e-31 1.917974826164037840e-31 8.406265641355670796e-32 2.812907815339779462e-32 7.246474589553343355e-33 7.898562551464665313e-34 3.542214130491652103e-35 1.759581806916479384e-30 1.388843837795295219e-30 1.109744666662017476e-30 8.588911159985183426e-31 6.185668035937765615e-31 3.970087260504490218e-31 2.180644694201678261e-31 9.731428025615759791e-32 3.315876278823056332e-32 8.261854286462360156e-33 9.571310364703741669e-34 4.329751036062717131e-35 1.795898039002913332e-30 1.422799057036812463e-30 1.140390464034158399e-30 8.852914650971192410e-31 6.397977471740192231e-31 4.123673452982311412e-31 2.276585429505480518e-31 1.022023172096759567e-31 3.504773423093720864e-32 8.704595108600801435e-33 1.025252199786586558e-33 4.678169550041992965e-35
1.559844570614852455e-31 1.055244924396462770e-31 7.621609154439834055e-32 5.467613652240883728e-32 3.706252033535825582e-32 2.277377714412201557e-32 1.192697421856239592e-32 4.924901141965998250e-33 1.428919902375053231e-33 -1.333258633161337217e-33 3.055295378234254337e-31 -1.514743409221407263e-34 1.841045203050321571e-31 1.303276676921925845e-31 9.794532740891399586e-32 7.319281980751676047e-32 5.196206495536584956e-32 3.344309689474905846e-32 1.854097676571205967e-32 8.321711465146209338e-33 2.820256692333050278e-33 6.504401243869014494e-34 1.541803519599757659e-34 3.786788918407414397e-36 1.923808372043795032e-31 1.378028657390445041e-31 1.045813177666857398e-31 7.896002134663438527e-32 5.672211905468758998e-32 3.702060730513378208e-32 2.087955011979997114e-32 9.567210200237453600e-33 3.317662219126171181e-33 7.822197261859500127e-34 1.459829213964405144e-34 4.687851069543228257e-36 2.022934653740070152e-31 1.470532635021260876e-31 1.129744226513728810e-31 8.632369975751600738e-32 6.282361604235263277e-32 4.159332025937574844e-32 2.384323008628817402e-32 1.112500104382099757e-32 3.930847298485333929e-33 9.430333799332242914e-34 1.472460640513780333e-34 5.785294601858691221e-36 2.060829144626930707e-31 1.505628357539022190e-31 1.161484238037661887e-31 8.907450541249399793e-32 6.507990740265496174e-32 4.327619720788627489e-32 2.493632863565851489e-32 1.170562428157841110e-32 4.164486865870632715e-33 1.006573898090214393e-33 1.523880071783955612e-34 6.288033257144292978e-36
8.063065029661768523e-33 4.888245416956869496e-33 3.234169059587909322e-33 2.204734023131635451e-33 1.471005890417492470e-33 9.382457742608044956e-34 5.718267874807298093e-34 3.553977479952198118e-34 2.229891542457629492e-34 6.762580612364258827e-35 -1.514743409221407263e-34 1.955500801606061751e-32 9.152175040232734663e-33 5.805287967902987898e-33 4.033524033031603869e-33 2.852313693812380981e-33 1.968851482965716855e-33 1.271326873965442898e-33 7.235648166779640019e-34 3.383663090283181468e-34 1.200665825873878400e-34 2.881934400181430354e-35 3.780747538221102575e-36 2.433103221299706807e-36 9.480481537735987492e-33 6.092414344389159459e-33 4.284086926005179106e-33 3.068900222897299745e-33 2.149002482951687455e-33 1.409778305821479552e-33 8.172335940893876117e-34 3.903956194146393900e-34 1.417024454791783256e-34 3.471863841719825400e-35 4.642213316444893773e-36 1.407019348514444756e-36 9.856925152193773904e-33 6.434907206481377637e-33 4.591749960520060326e-33 3.338532917545930682e-33 2.375056993487292762e-33 1.583516693460640103e-33 9.340212512268302319e-34 4.545649982081225104e-34 1.680770300457656802e-34 4.186080659850569889e-35 5.683335155505203537e-36 6.004076684302018663e-37 1.000539735250523350e-32 6.568763965178788804e-33 4.711499067643903165e-33 3.441672673923069625e-33 2.460101941352747926e-33 1.648314124926504989e-33 9.775754340782622990e-34 4.787379023514433505e-34 1.782529495845479705e-34 4.473798124454609503e-35 6.129051475791458519e-36 4.583907306673626349e-37
2.259388351975036321e-26 1.180037424708494480e-26 5.759390274687606170e-27 2.573610256808120087e-27 1.041586485791899325e-27 3.799736577011320904e-28 1.246651275202513660e-28 3.575431273656186205e-29 8.591172016233177573e-30 1.583975815591437735e-30 1.841045203050321571e-31 9.152175040232734663e-33 3.962647143944190762e-26 1.249654767052489394e-26 6.236412976972664434e-27 2.839480823085036791e-27 1.175353430894788625e-27 4.404997624588494988e-28 1.490275554891467098e-28 4.413274350413376016e-29 1.091084631525630397e-29 2.041795753819323824e-30 2.355580656914968975e-31 1.132084151712069311e-32 2.699465969213782794e-26 1.278370449534446228e-26 6.359340125151968250e-27 2.905961710756202393e-27 1.209452630939433975e-27 4.564894921705493992e-28 1.557765771709083514e-28 4.660517924108811045e-29 1.165283763116451278e-29 2.206639467726578439e-30 2.568815225662953469e-31 1.236241861782191052e-32 2.800350910509900468e-26 1.305406200086647618e-26 6.524908245612487478e-27 2.998196991932863000e-27 1.256427324662897867e-27 4.780995138902833777e-28 1.646625804150459459e-28 4.973826896343468990e-29 1.254923033506812274e-29 2.394004632648869454e-30 2.802115000394387030e-31 1.350252363238393521e-32 2.836128473585197357e-26 1.315265914182360242e-26 6.585049578817702983e-27 3.031506773435726888e-27 1.273297751784870501e-27 4.858153778871693433e-28 1.678387826254694360e-28 5.086002800008081336e-29 1.287284217495216792e-29 2.464583802269550780e-30 2.899743812947407154e-31 1.406216146441965137e-32
1.180022202100412668e-26 7.321332583288421621e-27 3.789184781527449784e-27 1.814544120229083696e-27 7.805707961684170386e-28 2.983435397116072199e-28 1.011644539740827678e-28 2.943419718753782063e-29 6.987175213966847050e-30 1.225381347499702721e-30 1.303276676921925845e-31 5.805287967902987898e-33 1.249654767052489394e-26 1.408061275769898911e-26 4.127216896361531318e-27 2.032163373634513964e-27 8.960838884276464864e-28 3.522778191420497408e-28 1.233147157062145748e-28 3.711959049883364065e-29 9.105684896103978968e-30 1.637002720608742280e-30 1.752144761171315818e-31 7.629493628834194931e-33 1.278333950639890577e-26 8.851493355416545071e-27 4.251991911557354887e-27 2.088217720855233967e-27 9.257397178999222196e-28 3.666833582081112716e-28 1.295207166084838162e-28 3.940483536911083483e-29 9.784630748828811727e-30 1.783090023545277857e-30 1.933330358750911247e-31 8.464265369685466790e-33 1.305340872292974715e-26 9.208341595882830859e-27 4.381141081286016008e-27 2.164791725787140372e-27 9.667265167082263050e-28 3.862122432426025088e-28 1.377539337566436095e-28 4.234987985717980888e-29 1.062727006408173031e-29 1.955805646440146900e-30 2.139163907834660455e-31 9.409696290320664238e-33 1.315190414365293370e-26 9.334300098930056048e-27 4.427648868298257799e-27 2.192283744642230296e-27 9.813709623768674682e-28 3.931608794043631554e-28 1.406901622760836875e-28 4.340196907327780011e-29 1.093099350598214814e-29 2.020160053941169763e-30 2.222944005902342415e-31 9.852754005701941576e-33
5.759244510774785257e-27 3.789145103478237585e-27 2.262817997160476072e-27 1.150823115872263177e-27 5.290773220220305451e-28 2.141374574902119246e-28 7.612706180453156305e-29 2.294394346681887393e-29 5.543100237873567790e-30 9.628431360623541118e-31 9.794532740891399586e-32 4.033524033031603869e-33 6.236412976972664434e-27 4.127216896361531318e-27 4.964272274945868033e-27 1.303739774880684483e-27 6.208939887725921939e-28 2.590262917210303465e-28 9.516156642174404573e-29 2.968911248615517655e-29 7.421617415887067941e-30 1.327486767027040566e-30 1.372564235362848526e-31 5.593228552540387849e-33 6.359184809425141856e-27 4.251892812033957722e-27 2.807859899074997205e-27 1.356038944930562780e-27 6.448016050583819305e-28 2.711583111436527577e-28 1.005748265614288787e-28 3.172258691174103949e-29 8.028199113363233597e-30 1.456537855027138631e-30 1.528331298955452729e-31 6.286485242589223106e-33 6.524789535996755425e-27 4.381079204090006481e-27 2.940312492886818649e-27 1.413934286100778476e-27 6.777415193732907053e-28 2.876281091053542949e-28 1.077739308827986842e-28 3.436380038174673298e-29 8.793634286991527316e-30 1.612932107850513617e-30 1.710604528226541323e-31 7.090006517112330921e-33 6.584637684126835467e-27 4.427510333309254312e-27 2.987048707989230254e-27 1.434609229253782497e-27 6.894672685282774877e-28 2.934798446151988003e-28 1.103368394984563968e-28 3.530706748445360866e-29 9.069659718299525619e-30 1.670859768809363775e-30 1.783136458598325376e-31 7.453622672707397389e-33
2.573534671762772676e-27 1.814536767119316458e-27 1.150831907159859832e-27 6.705856510642873511e-28 3.270618761109872307e-28 1.410793528863266971e-28 5.285778883765023295e-29 1.665598220102674707e-29 4.158648339099500266e-30 7.318476041118772939e-31 7.319281980751676047e-32 2.852313693812380981e-33 2.839480823085036791e-27 2.032163373634513964e-27 1.303739774880684483e-27 1.718268980423773851e-27 3.911873240139132930e-28 1.759845398693147084e-28 6.827764595195136542e-29 2.229014088060433087e-29 5.760858685883480754e-30 1.045888369186889371e-30 1.070863917085672566e-31 4.177626807984565465e-33 2.906106669562921955e-27 2.088273928418673533e-27 1.356013281260413600e-27 8.681513833517451046e-28 4.120343503989462083e-28 1.855498056209080444e-28 7.276545248679307012e-29 2.402817460727796413e-29 6.286714700534542282e-30 1.158051109540495145e-30 1.204291616352095314e-31 4.760320783253719997e-33 2.998507215622203025e-27 2.164982553400146972e-27 1.413964366719739505e-27 9.186039287647725492e-28 4.364745896285888088e-28 1.985534010955124617e-28 7.871808325730596123e-29 2.628920452924152726e-29 6.956499727303735783e-30 1.296151666710221013e-30 1.364069262624821528e-31 5.447226013800425881e-33 3.031690715352732167e-27 2.192416723221961139e-27 1.434631290461075266e-27 9.365269514072149943e-28 4.451560922565839665e-28 2.031711299685575959e-28 8.083671893876093899e-29 2.709729835127927779e-29 7.198680938585240368e-30 1.347154205992208693e-30 1.426605596503794737e-31 5.747360887125123015e-33
1.041593654074450463e-27 7.806068409432702557e-28 5.291155639389946559e-28 3.270843106156781755e-28 1.827425462776092867e-28 8.318701827590324558e-29 3.300149308274542571e-29 1.091281385419200049e-29 2.842759301099295442e-30 5.156774976445987485e-31 5.196206495536584956e-32 1.968851482965716855e-33 1.175353430894788625e-27 8.960838884276464864e-28 6.208939887725921939e-28 3.911873240139132930e-28 5.860609770689272051e-28 1.068057868807653097e-28 4.443844100461048458e-29 1.525652035563191698e-29 4.116108403336587495e-30 7.702998051569219081e-31 7.978189686555001341e-32 3.067047604893426128e-33 1.209594211478969489e-27 9.258552406857203258e-28 6.448467838232666297e-28 4.120338421627610450e-28 2.532642754298596114e-28 1.145614370704248226e-28 4.787277812851099376e-29 1.664813178427698930e-29 4.546642132044862372e-30 8.634803056190435557e-31 9.086609548584189498e-32 3.536123832695621062e-33 1.256659521597676584e-27 9.669389261500634374e-28 6.778485941096867488e-28 4.364938739800761455e-28 2.722095788844507069e-28 1.238885256338600484e-28 5.240557268420815084e-29 1.844810315497829321e-29 5.097145107793935775e-30 9.791774607614420625e-31 1.043238155303912048e-31 4.109995629028915315e-33 1.273531566655755603e-27 9.816082786425002734e-28 6.896020945021328417e-28 4.451821951469615650e-28 2.789411305221971525e-28 1.272027754096202272e-28 5.402071215648753452e-29 1.909305552678006838e-29 5.296596597002086654e-30 1.021916503031235203e-30 1.095386467688601830e-31 4.353078648200005795e-33
3.800613962971891818e-28 2.984221682274832066e-28 2.142008486605199081e-28 1.411204741440028048e-28 8.320536405439588344e-29 4.338461328176453031e-29 1.796260261067226669e-29 6.246617697023680676e-30 1.702818930611848662e-30 3.222509124331895638e-31 3.344309689474905846e-32 1.271326873965442898e-33 4.404997624588494988e-28 3.522778191420497408e-28 2.590262917210303465e-28 1.759845398693147084e-28 1.068057868807653097e-28 2.032054882983227144e-28 2.515156077206606066e-29 9.209641821771561397e-30 2.606113391309469359e-30 5.080183020271243920e-31 5.423835759315613630e-32 2.129733405323824486e-33 4.565546776507512797e-28 3.667273194116259234e-28 2.711776936179031016e-28 1.855526536755301018e-28 1.145558340048815809e-28 6.664267623171112489e-29 2.771827405111845614e-29 1.021620483499276119e-29 2.926688040032931901e-30 5.790968533470240002e-31 6.279223707008592664e-32 2.467561094206275824e-33 4.782575318390818864e-28 3.863371462395423836e-28 2.876940431220419024e-28 1.985716472799687467e-28 1.238856602307638008e-28 7.321305417153190323e-29 3.076706887175835469e-29 1.149848945390686241e-29 3.335098562726210536e-30 6.674130812023358245e-31 7.324664603967943628e-32 2.915951854799716876e-33 4.860364891586237562e-28 3.933503298984509214e-28 2.935955096351072361e-28 2.032114255678629594e-28 1.272037247148438658e-28 7.556428721843294793e-29 3.185735698731156473e-29 1.196002668150013795e-29 3.483870626226536653e-30 7.001776137935975342e-31 7.728521742249448334e-32 3.102983592455865086e-33
1.247842473371280474e-28 1.012576984502707434e-28 7.619659071901920152e-29 5.290468272759048503e-29 3.302762785974970612e-29 1.797256448236415191e-29 8.548504585046934320e-30 3.047869690787482651e-30 8.666120681126108610e-31 1.713132031352217508e-31 1.854097676571205967e-32 7.235648166779640019e-34 1.490275554891467098e-28 1.233147157062145748e-28 9.516156642174404573e-29 6.827764595195136542e-29 4.443844100461048458e-29 2.515156077206606066e-29 6.827326782335559171e-29 4.699906970326918023e-30 1.412209297999239744e-30 2.880078479157497397e-31 3.194568077054224539e-32 1.323299936071477311e-33 1.557700203226936723e-28 1.295169422250690617e-28 1.005594417287893687e-28 7.274826060496745690e-29 4.785946255209834139e-29 2.771149178454260801e-29 1.504035341755780530e-29 5.390429355048230222e-30 1.623287711186969641e-30 3.353744450825368083e-31 3.783978567566525996e-32 1.530117441131045359e-33 1.646820286203939930e-28 1.377770670803462179e-28 1.077706567248362045e-28 7.870004076006936614e-29 5.238750174096285279e-29 3.075681124545363720e-29 1.698392650847180719e-29 6.174319619074480911e-30 1.886252738599389335e-30 3.942406683610483321e-31 4.499225572616469898e-32 1.842088592194741763e-33 1.678997499274888136e-28 1.407514458261716482e-28 1.103651798155189021e-28 8.083579088405787850e-29 5.400921818171556641e-29 3.184765814050738367e-29 1.768718013108366646e-29 6.458622175613896076e-30 1.982742009928178035e-30 4.162633356272862413e-31 4.776633633998632046e-32 1.972397428621456231e-33
3.585829078168925237e-29 2.951147349797954179e-29 2.300023245077146892e-29 1.669430812898209417e-29 1.093580650980699805e-29 6.257841711419068674e-30 3.051501725794939106e-30 1.265137772739952687e-30 3.589536495327118555e-31 7.357402571374072035e-32 8.321711465146209338e-33 3.383663090283181468e-34 4.413274350413376016e-29 3.711959049883364065e-29 2.968911248615517655e-29 2.229014088060433087e-29 1.525652035563191698e-29 9.209641821771561397e-30 4.699906970326918023e-30 2.147530202029583968e-29 6.037587916942342761e-31 1.322769888122623447e-31 1.523923913541216465e-32 6.992282389640702368e-34 4.655565644168618653e-29 3.937171191576486567e-29 3.169358117177092987e-29 2.400432314723480168e-29 1.663056272803277507e-29 1.020564118205986545e-29 5.386297247136621914e-30 2.637005600745943501e-30 7.360755208661737586e-31 1.584568088060397701e-31 1.861646165589768307e-32 7.837301162063463480e-34 4.966894761289389680e-29 4.230872413407524651e-29 3.432605855399865925e-29 2.625376975065432149e-29 1.841994237671192091e-29 1.148064943166439122e-29 6.167103448372108759e-30 3.072455289430436388e-30 8.734726536862412381e-31 1.905525341393900022e-31 2.263416619116404887e-32 9.641238687815639089e-34 5.080507799086950717e-29 4.337803376447200199e-29 3.528434611375807866e-29 2.706957789592520147e-29 1.906714301892297892e-29 1.194200843965040312e-29 6.450670780988263965e-30 3.232885634166119529e-30 9.244694509042904841e-31 2.027125875014280516e-31 2.421001120060252430e-32 1.039592042202921227e-33
8.651547064740850086e-30 7.031022833767666696e-30 5.574675293563657690e-30 4.180261964498208319e-30 2.856176424013780806e-30 1.710002555144037885e-30 8.696253025844533472e-31 3.597393036088860752e-31 1.234827245948582828e-31 2.408260660468403375e-32 2.820256692333050278e-33 1.200665825873878400e-34 1.091084631525630397e-29 9.105684896103978968e-30 7.421617415887067941e-30 5.760858685883480754e-30 4.116108403336587495e-30 2.606113391309469359e-30 1.412209297999239744e-30 6.037587916942342761e-31 5.991139620830573244e-30 4.119009595405006382e-32 5.461567826528001534e-33 2.945072320672121047e-34 1.160307331983088871e-29 9.750828358567765946e-30 8.002182322349603995e-30 6.267143271253319555e-30 4.532712903497798431e-30 2.917967345794872807e-30 1.618892400504306378e-30 7.346787520736138984e-31 3.163120991508008850e-31 5.662136426239836865e-32 6.881437490426670150e-33 3.018903009201454069e-34 1.246446345967107079e-29 1.057213163471253959e-29 8.751367830242806522e-30 6.923298311509556218e-30 5.072888497644597515e-30 3.319457910895166393e-30 1.878115873940613134e-30 8.708094326956445178e-31 3.794039813888270666e-31 6.963999878718501441e-32 8.563739880437694975e-33 3.799018239127338404e-34 1.278467801280363761e-29 1.087620395144314471e-29 9.028682789706976924e-30 7.165069348356677879e-30 5.270797229521469505e-30 3.466532611434973720e-30 1.973410942776903118e-30 9.212774362568551210e-31 4.033179266200056847e-31 7.465586001131433154e-32 9.236363039147987295e-33 4.129941231143394638e-34
1.605369246767520236e-30 1.240753282630110191e-30 9.738553165606774136e-31 7.394061630180153503e-31 5.204497340517569165e-31 3.249073860570616588e-31 1.725342249384471962e-31 7.398601451348913672e-32 2.416091825309868034e-32 6.540072909183773148e-33 6.504401243869014494e-34 2.881934400181430354e-35 2.041795753819323824e-30 1.637002720608742280e-30 1.327486767027040566e-30 1.045888369186889371e-30 7.702998051569219081e-31 5.080183020271243920e-31 2.880078479157497397e-31 1.322769888122623447e-31 4.119009595405006382e-32 1.242380711256562369e-30 6.050603911513930455e-34 7.588537288940680462e-35 2.181404592485187129e-30 1.766029045255219334e-30 1.443935782627566349e-30 1.148828373234447492e-30 8.570113175755991289e-31 5.749599536704301355e-31 3.331180051936945453e-31 1.575281321087888575e-31 5.640017697896089654e-32 2.214202033002503223e-32 1.684486172959287017e-33 7.625421206149538465e-35 2.346910611987787866e-30 1.924547523812923888e-30 1.590094147764166659e-30 1.279138371028899080e-30 9.670625067161970004e-31 6.595164833247506291e-31 3.898332686514564457e-31 1.886911431836504841e-31 6.918247404111839079e-32 2.687815357376057222e-32 2.138066529893374349e-33 9.786640292512521946e-35 2.410144534411531668e-30 1.984732269610031812e-30 1.645459088659790874e-30 1.327995142699221620e-30 1.007974251178940157e-30 6.908693370694923254e-31 4.109313174468267776e-31 2.003920280815184479e-31 7.406092897156990490e-32 2.875123319793102157e-32 2.324036554761333820e-33 1.072584729458837168e-34
1.877911540542753365e-31 1.329642278180345418e-31 9.982708188609153319e-32 7.448630000417222246e-32 5.278500842870768449e-32 3.391045328362034264e-32 1.876430763568893344e-32 8.403646793934819761e-33 2.839902393349505712e-33 6.526663725345190412e-34 1.541803519599757659e-34 3.780747538221102575e-36 2.355580656914968975e-31 1.752144761171315818e-31 1.372564235362848526e-31 1.070863917085672566e-31 7.978189686555001341e-32 5.423835759315613630e-32 3.194568077054224539e-32 1.523923913541216465e-32 5.461567826528001534e-33 6.050603911513930455e-34 1.466094801245569479e-31 -5.649688527298688987e-35 2.511651568726592488e-31 1.894535100001359497e-31 1.500215180547901979e-31 1.184010242905181745e-31 8.945549465135002361e-32 6.188590412174857504e-32 3.732902924726464969e-32 1.838601807930177841e-32 6.809595825121194079e-33 1.673414833764948187e-33 8.406054625892129256e-34 9.910013756003601852e-36 2.687406248387915771e-31 2.062300896165752605e-31 1.655364714302659290e-31 1.323788072509123371e-31 1.014950194798144491e-31 7.140037576048428011e-32 4.392940775227858248e-32 2.214057415288758339e-32 8.404942713579671433e-33 2.113094436627105799e-33 9.930505613956049721e-34 1.287342663121723739e-35 2.756865094809302971e-31 2.128029355362989194e-31 1.715907264610654253e-31 1.377402693755785967e-31 1.060436736421739136e-31 7.497131203631789984e-32 4.640913312898939327e-32 2.356440400137153863e-32 9.021433313995992048e-33 2.287783063347893060e-33 1.055927014859627673e-33 1.425743659703810992e-35
9.361888650978990129e-33 5.954282073894937886e-33 4.139883619258493810e-33 2.924745388809066189e-33 2.014836761446797911e-33 1.297314790095700899e-33 7.360567384273078151e-34 3.430338296751310223e-34 1.212387671669273509e-34 2.897273481293240804e-35 3.786788918407414397e-36 2.433103221299706807e-36 1.132084151712069311e-32 7.629493628834194931e-33 5.593228552540387849e-33 4.177626807984565465e-33 3.067047604893426128e-33 2.129733405323824486e-33 1.323299936071477311e-33 6.992282389640702368e-34 2.945072320672121047e-34 7.588537288940680462e-35 -5.649688527298688987e-35 9.361146402567985175e-33 1.196959101841617807e-32 8.192643216540709528e-33 6.093210129379374063e-33 4.619942926484861271e-33 3.437272815508872670e-33 2.402467419058114281e-33 1.492233583174826477e-33 7.658146554985106190e-34 2.959187634154698300e-34 7.515539984993910889e-35 9.831981907330496188e-36 2.273167116266263145e-35 1.265540398592096130e-32 8.837436204270789038e-33 6.686768663216825898e-33 5.154842997249714616e-33 3.902886133954585224e-33 2.778620658766778935e-33 1.761731696712025195e-33 9.250652463641309698e-34 3.660604469287324889e-34 9.502565283829650000e-35 1.268822487728852832e-35 2.568518389327302880e-35 1.293620101799869372e-32 9.098590757910019205e-33 6.925776178375934622e-33 5.365250142726700942e-33 4.082172014130869816e-33 2.921710030293562801e-33 1.863928467721985268e-33 9.859124200212050143e-34 3.933956149454451436e-34 1.030315500353543844e-34 1.387696984437723803e-35 2.696716177848356772e-35
2.274208271890872965e-26 1.197369130935987166e-26 5.862035576275901104e-27 2.629296987728639137e-27 1.068960414816621899e-27 3.920422513162682928e-28 1.293780118615940716e-28 3.732032850936639337e-29 9.007200017248622145e-30 1.662136381702486157e-30 1.923808372043795032e-31 9.480481537735987492e-33 2.699465969213782794e-26 1.278333950639890577e-26 6.359184809425141856e-27 2.906106669562921955e-27 1.209594211478969489e-27 4.565546776507512797e-28 1.557700203226936723e-28 4.655565644168618653e-29 1.160307331983088871e-29 2.181404592485187129e-30 2.511651568726592488e-31 1.196959101841617807e-32 3.887795058701272354e-26 1.290371407389220495e-26 6.478684151396172562e-27 2.975589373920714639e-27 1.245965062118416394e-27 4.738301955249887849e-28 1.632226761105713240e-28 4.936254809715937478e-29 1.247688902836465957e-29 2.378566967933876082e-30 2.768761452651677239e-31 1.322895489550287806e-32 3.194474447005196814e-26 1.323921193847017236e-26 6.652493954076709359e-27 3.071976971448741895e-27 1.295612561099869036e-27 4.971060053465045671e-28 1.730244400574599905e-28 5.292587073146412388e-29 1.352943908189211126e-29 2.605167354246070741e-30 3.054377147291090012e-31 1.461726397090853528e-32 3.284730477269306164e-26 1.333740372299235312e-26 6.714696551601422347e-27 3.106870975108708220e-27 1.313504399365992889e-27 5.054256072727405850e-28 1.765384737693073839e-28 5.420915994030129698e-29 1.391380301902107772e-29 2.691658468104812397e-30 3.174402581195297972e-31 1.528668967853489566e-32
1.197358199991536679e-26 7.413205299643684029e-27 3.868704181735579688e-27 1.860077474669681388e-27 8.040475985920765973e-28 3.090368635528762337e-28 1.054364707978235144e-28 3.087329473095683838e-29 7.371225118821390108e-30 1.297176378305243928e-30 1.378028657390445041e-31 6.092414344389159459e-33 1.278370449534446228e-26 8.851493355416545071e-27 4.251892812033957722e-27 2.088273928418673533e-27 9.258552406857203258e-28 3.667273194116259234e-28 1.295169422250690617e-28 3.937171191576486567e-29 9.750828358567765946e-30 1.766029045255219334e-30 1.894535100001359497e-31 8.192643216540709528e-33 1.290371407389220495e-26 1.352252965257589025e-26 4.323566217154042913e-27 2.145796954321960882e-27 9.577381777781430512e-28 3.823497160475385291e-28 1.363955873433864676e-28 4.198267241487292843e-29 1.055475681757264816e-29 1.942691821841414484e-30 2.115248057063394069e-31 9.224854874969359067e-33 1.323888780121970899e-26 1.045175169256495097e-26 4.477816867180452808e-27 2.226614930992682363e-27 1.001212226559309869e-27 4.034865613610169770e-28 1.455219376064141824e-28 4.534769160707538144e-29 1.154961860068767000e-29 2.153156231103510927e-30 2.370581974183885548e-31 1.040151050400915550e-32 1.333702599481105472e-26 1.074140818077785744e-26 4.525467200647837041e-27 2.255530227547800865e-27 1.016820820695530344e-27 4.110145841491341428e-28 1.487881590751900693e-28 4.655710069574971765e-29 1.191314819311430585e-29 2.232774118514518186e-30 2.475391179680439369e-31 1.094185344047430223e-32
