# Created by Tilman Tröster (tilman@troester.space) on 2021-07-29 12:58:53 using add_up_covariance_terms.py
# Covariance total_SSC_mask (gaussian_nka+hmx_cNG_1h+hmx_SSC_mask_wl+m) of Cl_TE (tomographic bins (0, 0), (1, 0), (2, 0), (3, 0), (4, 0))
3.456871799084418918e-25 1.673539091004348340e-26 1.754605274527049562e-26 7.496395526440167484e-27 3.026916092605074043e-27 1.104109310127874501e-27 3.758545082466096208e-28 1.192635245287086668e-28 3.622206530372507415e-29 1.087750372506258063e-29 3.468551072191418263e-30 1.242553457841816295e-30 9.138903546071104412e-26 3.798749394954606308e-26 1.832422974290964730e-26 8.257373357827572924e-27 3.361722595025506026e-27 1.261447950324416712e-27 4.402169066263965267e-28 1.432753681669528026e-28 4.441292083240955186e-29 1.352744369473664103e-29 4.271313746042311243e-30 1.479672890378042596e-30 9.131328451854684440e-26 3.861260372824843048e-26 1.864953569341255969e-26 8.435957571921329375e-27 3.450221714441097508e-27 1.301884662359370627e-27 4.572222002111764283e-28 1.498559179887041316e-28 4.678831661237825114e-29 1.434046243640467477e-29 4.540711478524750604e-30 1.566804326995133094e-30 9.190412473906280917e-26 3.945430720768313545e-26 1.910876623817970688e-26 8.686570785476222296e-27 3.573911654360713250e-27 1.357840040317419470e-27 4.805137335996795192e-28 1.587211107234145757e-28 4.991425085498002081e-29 1.538005562375089254e-29 4.875756847918900173e-30 1.674153949831910449e-30 9.231516234897978581e-26 3.974840866323550622e-26 1.927510909673512001e-26 8.776598167800530103e-27 3.618026777238517968e-27 1.377734805751706613e-27 4.887679031807967675e-28 1.618716700491017666e-28 5.102890671741658636e-29 1.575776806235419152e-29 5.004151951999213661e-30 1.720073287263244190e-30
1.673539091004348340e-26 9.357624621998992153e-26 5.532764346891176887e-27 4.891934430318837563e-27 2.019820225907428649e-27 7.787816641610074875e-28 2.760508893940732881e-28 8.974917039302655698e-29 2.724814176279152048e-29 7.863420476181358306e-30 2.291429261583169455e-30 7.258893588509620512e-31 3.798697585857807546e-26 2.163722563255805777e-26 1.074495127371772450e-26 5.240542168627164055e-27 2.288139610139578447e-27 9.050110928374582907e-28 3.291204988301412925e-28 1.098305936474341240e-28 3.412162031447504697e-29 1.007602951056356335e-29 2.946268376509916071e-30 9.096222296361343136e-31 3.861235242187734467e-26 2.179127878458512143e-26 1.098502178671095174e-26 5.372914853373758145e-27 2.357633797835169228e-27 9.378381841174919000e-28 3.432684775410630564e-28 1.153825658073312712e-28 3.613002511123616500e-29 1.075564889005198082e-29 3.165223571834350631e-30 9.773494525490975513e-31 3.945595438009445757e-26 2.214450450924308801e-26 1.131512927960094092e-26 5.558368372603682583e-27 2.454447099416808178e-27 9.832022685034677075e-28 3.626345639348543311e-28 1.228754042237021198e-28 3.878685088083795855e-29 1.163285521731977473e-29 3.440476466461956376e-30 1.061357901730997616e-30 3.975094369792661730e-26 2.231463367481764109e-26 1.143138577857466278e-26 5.624668736459323255e-27 2.488838206740538933e-27 9.992815109118065313e-28 3.694911487993392142e-28 1.255326560147103864e-28 3.973332609106286636e-29 1.195002828442763911e-29 3.544837783749012179e-30 1.096625643725780179e-30
1.754605274527049562e-26 5.532764346891176887e-27 3.241328716700351798e-26 1.750869052185268072e-27 1.391540854545409627e-27 5.508614639735058310e-28 2.051733189989735826e-28 6.965779505636934061e-29 2.172540861965971994e-29 6.304198464095403702e-30 1.784772823106729879e-30 5.302897331091099940e-31 1.832609758193740753e-26 1.074517351933725216e-26 6.600242188342579473e-27 3.320632102007572911e-27 1.558706027085410516e-27 6.542072264862762953e-28 2.503490962465311324e-28 8.707302057816673684e-29 2.780860451721676973e-29 8.273957696513430276e-30 2.366244417280104715e-30 6.902581048404522278e-31 1.865030519649350296e-26 1.098507436433754609e-26 6.707829531940940946e-27 3.421479890286596673e-27 1.613491344757865528e-27 6.813444142235389387e-28 2.624707556057052952e-28 9.195103818114301076e-29 2.959808245547163318e-29 8.881012724383649109e-30 2.559222922497948793e-30 7.483045627788884348e-31 1.911017747133696557e-26 1.131558114022895365e-26 6.891871796006276101e-27 3.560766482598371101e-27 1.689645015034739435e-27 7.187954537012244508e-28 2.790477211644284543e-28 9.853987714615181178e-29 3.197672876315619109e-29 9.671581443310331529e-30 2.805047698551988172e-30 8.212321423997889039e-31 1.927667458976263715e-26 1.143197598323586321e-26 6.969140919153244726e-27 3.609791437700998082e-27 1.716624550614911308e-27 7.320347373447410584e-28 2.849083746681938580e-28 1.008747219892537933e-28 3.282358246495106865e-29 9.956583990982032816e-30 2.897227066719719680e-30 8.510500033762393647e-31
7.496395526440167484e-27 4.891934430318837563e-27 1.750869052185268072e-27 1.143205183612204566e-26 5.623166273852695756e-28 3.693880209499797886e-28 1.404776190563931721e-28 5.019484642860309084e-29 1.628484570097915721e-29 4.837955113812307208e-30 1.361548536878416516e-30 3.875189984594815754e-31 8.257264305919419100e-27 5.240647006435089238e-27 3.320737695257530279e-27 2.005139700836309357e-27 9.776677546078690847e-28 4.384250109448571954e-28 1.770496855068294853e-28 6.460347340768291226e-29 2.145211045085200156e-29 6.537228463680999928e-30 1.867153107390001170e-30 5.251333342142280962e-31 8.435816341331065534e-27 5.372965711765366454e-27 3.421488994813149148e-27 2.060713905286543219e-27 1.018095873123548110e-27 4.594833387823963921e-28 1.868927680953949874e-28 6.870162373190074276e-29 2.299237391322806949e-29 7.066647559688280322e-30 2.035346644685716489e-30 5.748648854687284923e-31 8.686642413968166738e-27 5.558562312352032740e-27 3.560916887060540061e-27 2.145839125710075301e-27 1.073847859447645148e-27 4.884733198922918232e-28 2.003196627749781912e-28 7.423045486743623539e-29 2.504244261423597957e-29 7.759372321534138055e-30 2.251522006077011258e-30 6.379550315757112234e-31 8.776524924057325520e-27 5.624850242772081032e-27 3.609991704891395928e-27 2.178938268343992086e-27 1.093462892615080911e-27 4.987065046328952181e-28 2.050631530345627666e-28 7.618958999166542293e-29 2.577255161771788420e-29 8.009334174240453702e-30 2.331984742621917183e-30 6.632215067512533234e-31
3.026916092605074043e-27 2.019820225907428649e-27 1.391540854545409627e-27 5.623166273852695756e-28 3.605957246043469351e-27 1.424871617568156574e-28 8.817993931516393059e-29 3.236832318984910043e-29 1.102698047579747368e-29 3.397471794653337030e-30 9.681663450217009720e-31 2.685473693644502622e-31 3.361746216286692702e-27 2.288089499128568392e-27 1.558655402676286539e-27 9.776691125165238142e-28 5.642076474754051564e-28 2.640047144454387748e-28 1.131081126546711293e-28 4.339156433680949641e-29 1.508755485331167281e-29 4.768592705597379141e-30 1.383721129392725195e-30 3.819347123998540968e-31 3.450372613629418342e-27 2.357656886596679938e-27 1.613455471082872429e-27 1.018067395000800452e-27 5.881840314157108976e-28 2.788957218627581521e-28 1.204499162321323379e-28 4.658365083660385096e-29 1.632762789139253466e-29 5.205249969368604417e-30 1.524105049897241649e-30 4.232354958168512454e-31 3.574109201430989371e-27 2.454529195250591554e-27 1.689653135790668790e-27 1.073866815582158351e-27 6.228409653084302358e-28 2.992652271021072156e-28 1.304266578966226390e-28 5.087532473019716735e-29 1.797504962595755251e-29 5.777368010461580040e-30 1.705402994331636940e-30 4.759873842677436628e-31 3.618273110385311374e-27 2.488957198448840002e-27 1.716659110673720229e-27 1.093503661823905731e-27 6.356961215144170684e-28 3.064387495791552296e-28 1.339531183688305677e-28 5.239786563807966207e-29 1.856281166569082368e-29 5.983898241256537908e-30 1.772705928642541629e-30 4.968006714761504985e-31
1.104109310127874501e-27 7.787816641610074875e-28 5.508614639735058310e-28 3.693880209499797886e-28 1.424871617568156574e-28 1.381308683761913526e-27 3.070577868987110622e-29 1.839851286403719197e-29 6.567715647138089219e-30 2.126251619603090701e-30 6.266650708079968653e-31 1.741176818128537142e-31 1.261273862170218178e-27 9.049008723821796054e-28 6.541141828210947966e-28 4.383676159456834308e-28 2.639860654097032155e-28 1.445750333822552579e-28 6.408416113247852513e-29 2.588976697634091055e-29 9.439415779779533291e-30 3.124205367674003462e-30 9.379917568708989728e-31 2.608293849681155981e-31 1.301743345646500080e-27 9.377447747758813222e-28 6.812636869855188111e-28 4.594259450426739933e-28 2.788670261891359915e-28 1.532051554436463007e-28 6.897798423592608931e-29 2.813296537194240501e-29 1.034654006316679460e-29 3.454401799094882626e-30 1.046862987064290156e-30 2.932202697897035315e-31 1.357780148322152335e-27 9.831694523165732794e-28 7.187481411082902237e-28 4.884266030333650352e-28 2.992444285953190855e-28 1.653667631563593263e-28 7.558310748188916212e-29 3.113134119983295098e-29 1.154571132568343506e-29 3.885975010857225155e-30 1.187569976198718380e-30 3.347219722555369992e-31 1.377716072215792866e-27 9.992885425054317673e-28 7.320229614978290322e-28 4.986776403335766279e-28 3.064249357458929090e-28 1.698212251666494705e-28 7.792074867302263715e-29 3.219829389092417763e-29 1.197530416917462403e-29 4.042367665737625592e-30 1.239829728198784821e-30 3.509659144775324112e-31
3.758545082466096208e-28 2.760508893940732881e-28 2.051733189989735826e-28 1.404776190563931721e-28 8.817993931516393059e-29 3.070577868987110622e-29 6.025486906574379004e-28 3.486875388429613145e-30 3.391485249735470216e-30 1.159903929274825102e-30 3.586396875471438099e-31 1.025163926689404061e-31 4.400973869198594725e-28 3.290189937225545223e-28 2.502761990153823674e-28 1.769966692407358571e-28 1.130757943350802221e-28 6.407166814924383901e-29 3.330714999228478161e-29 1.364261673241780931e-29 5.193600766610262082e-30 1.799494682276793234e-30 5.649437620641870472e-31 1.613984516683051059e-31 4.570811862718639787e-28 3.431491652214351762e-28 2.623753403384622436e-28 1.868214778926200707e-28 1.204053385103753312e-28 6.895851831201698143e-29 3.596985591938762427e-29 1.503773303775562719e-29 5.784582497870876801e-30 2.022779989579845107e-30 6.411536035500306686e-31 1.846605528987383462e-31 4.803818023382574634e-28 3.625313387891402463e-28 2.789586140041738754e-28 2.002469613978892172e-28 1.303787536592045374e-28 7.556244071155531169e-29 3.965913676217770933e-29 1.688632284118327902e-29 6.560103879426889166e-30 2.312974326918092448e-30 7.393840710654174308e-31 2.144515251021058066e-31 4.886719883406380210e-28 3.694143177981367569e-28 2.848395026277324389e-28 2.050012261085105828e-28 1.339096444845011831e-28 7.790156700480662681e-29 4.101594401826433154e-29 1.754769856101971459e-29 6.839821327679089741e-30 2.418971288687181017e-30 7.761026994755638607e-31 2.261148611354413944e-31
1.192635245287086668e-28 8.974917039302655698e-29 6.965779505636934061e-29 5.019484642860309084e-29 3.236832318984910043e-29 1.839851286403719197e-29 3.486875388429613145e-30 2.869569435510207476e-28 -5.766671650045542633e-31 5.405018474827516169e-31 1.761175033547881686e-31 5.372700390181005156e-32 1.431227639585560252e-28 1.097203179168812707e-28 8.699325363201829792e-29 6.454916751350314980e-29 4.335877971558618084e-29 2.587327721716408023e-29 1.363681110822620020e-29 6.685124066021465747e-30 2.494676364833541500e-30 8.974229939307389120e-31 2.951014309711896377e-31 8.784112432564128536e-32 1.496478418765621597e-28 1.152323203585540363e-28 9.183813857029822867e-29 6.862123451930609494e-29 4.653266326333641503e-29 2.810578051287820232e-29 1.502745606584985313e-29 7.366738194818666682e-30 2.830294012156759176e-30 1.029142772795188020e-30 3.417564615393050494e-31 1.026163705217412189e-31 1.584993167810409864e-28 1.227175973434831181e-28 9.841980764640273267e-29 7.414136013066589581e-29 5.081623847445790533e-29 3.109835145267399844e-29 1.687363630078124220e-29 8.300549519296404684e-30 3.266225312556468977e-30 1.199025516819936177e-30 4.016140615215928021e-31 1.214992960794856177e-31 1.616569068893641015e-28 1.253852147615839148e-28 1.007636821345170709e-28 7.610483794312126564e-29 5.233976228020030853e-29 3.216489601473033865e-29 1.753468587857856928e-29 8.650737885930216036e-30 3.425043547612780210e-30 1.261874523250210631e-30 4.242850514753076409e-31 1.289610103313071344e-31
3.622206530372507415e-29 2.724814176279152048e-29 2.172540861965971994e-29 1.628484570097915721e-29 1.102698047579747368e-29 6.567715647138089219e-30 3.391485249735470216e-30 -5.766671650045542633e-31 1.334866790127853771e-28 -5.103372969420794779e-31 7.645064248853412082e-32 2.557589628205895283e-32 4.429834490976185351e-29 3.403862581232024005e-29 2.774870265904444088e-29 2.141089558354993556e-29 1.506144691044916591e-29 9.424736113347452808e-30 5.187005830775684296e-30 2.492718297149111724e-30 1.161002407838709350e-30 3.912479050430438447e-31 1.334519799670194132e-31 4.162155018622204361e-32 4.660491974170211543e-29 3.599903776023884408e-29 2.950215238311288158e-29 2.292456671214022157e-29 1.628304430180563219e-29 1.032040643119619990e-29 5.772026066255855024e-30 2.826185418655941661e-30 1.301162135879110417e-30 4.583503066372010269e-31 1.579668195477977740e-31 4.969587066281289111e-32 4.969212872973089433e-29 3.863097678538936620e-29 3.186180270219160078e-29 2.495923139521233710e-29 1.791902062132428961e-29 1.151191295405985025e-29 6.543223437805243100e-30 3.260493077162688938e-30 1.493792833687810012e-30 5.442364268349751634e-31 1.893052919977245940e-31 6.001003022732978429e-32 5.080035955523959902e-29 3.957474399273304163e-29 3.270749890460233441e-29 2.568745054097075287e-29 1.850452245064938142e-29 1.193945137157757221e-29 6.821510992567552816e-30 3.418702487103238699e-30 1.568838283074177753e-30 5.765642130387608970e-31 2.014296374598351388e-31 6.416800481562845896e-32
1.087750372506258063e-29 7.863420476181358306e-30 6.304198464095403702e-30 4.837955113812307208e-30 3.397471794653337030e-30 2.126251619603090701e-30 1.159903929274825102e-30 5.405018474827516169e-31 -5.103372969420794779e-31 6.368486078774972106e-29 -1.855623902203266075e-31 1.208126688735026681e-32 1.345565735886135574e-29 1.002451933861052446e-29 8.236957806067655037e-30 6.511567522170705718e-30 4.752057344511657590e-30 3.114611114024827590e-30 1.794711583116372715e-30 8.955314357861588920e-31 3.907770648105783606e-31 1.797791572284926508e-31 5.359802367745017692e-32 1.744756737974010838e-32 1.420979823400290391e-29 1.066335779703566212e-29 8.814103174264090365e-30 7.019441589459752898e-30 5.173852643443746836e-30 3.435362292182240253e-30 2.012709167463823494e-30 1.024838581801918988e-30 4.571311164704846455e-31 2.012614227280760931e-31 6.469603965933242925e-32 2.120424283654009904e-32 1.520563929774614951e-29 1.151113160222581947e-29 9.583367503089688666e-30 7.696246871601464446e-30 5.734630941241306013e-30 3.859390195995203162e-30 2.298423927096361994e-30 1.192530071479379462e-30 5.422933313585758906e-31 2.324673669815651926e-31 7.889208844683980447e-32 2.602857875501178062e-32 1.556652944547976240e-29 1.181771920480578669e-29 9.861300906708058061e-30 7.940755432523609391e-30 5.936936233909658480e-30 4.012716893594476283e-30 2.402432045753116102e-30 1.254310707171063838e-30 5.742337531381392543e-31 2.457217847200420648e-31 8.453403604427609190e-32 2.803481874426626363e-32
3.468551072191418263e-30 2.291429261583169455e-30 1.784772823106729879e-30 1.361548536878416516e-30 9.681663450217009720e-31 6.266650708079968653e-31 3.586396875471438099e-31 1.761175033547881686e-31 7.645064248853412082e-32 -1.855623902203266075e-31 2.391514766130214853e-29 -4.779356683039480254e-32 4.234183085131434644e-30 2.919855933839912527e-30 2.347371304032517597e-30 1.854053229559136189e-30 1.375195197343672854e-30 9.329404156843775755e-31 5.623183469999012488e-31 2.939684215617798582e-31 1.330814352162132684e-31 5.352588208336305915e-32 2.498211486418013864e-32 6.711181278619745077e-33 4.465174066456053689e-30 3.112138956213498121e-30 2.521068531936008035e-30 2.008461672187187980e-30 1.506108443250799885e-30 1.035725755657972133e-30 6.349945040896070550e-31 3.388615042416764145e-31 1.568986857834766059e-31 6.444194614399246134e-32 2.735592468991349114e-32 8.229973389918291134e-33 4.765354919600575965e-30 3.363643568602895724e-30 2.749897607279391636e-30 2.212304653082491494e-30 1.678769702546480937e-30 1.170716053740340141e-30 7.297630555010542348e-31 3.968883439871036428e-31 1.874524493662482552e-31 7.841487715257928809e-32 3.135808214752422279e-32 1.020154900808559933e-32 4.875551463392973747e-30 3.455832715541520558e-30 2.833678535268980584e-30 2.286645384863262470e-30 1.741669766254707329e-30 1.219955350385921987e-30 7.645665656800154267e-31 4.184858446091056337e-31 1.990788415637954748e-31 8.390097115403028167e-32 3.333812236557440819e-32 1.105158372154095144e-32
1.242553457841816295e-30 7.258893588509620512e-31 5.302897331091099940e-31 3.875189984594815754e-31 2.685473693644502622e-31 1.741176818128537142e-31 1.025163926689404061e-31 5.372700390181005156e-32 2.557589628205895283e-32 1.208126688735026681e-32 -4.779356683039480254e-32 5.841022002757547848e-30 1.463935355689723981e-30 8.984699221053928884e-31 6.822908901775139492e-31 5.196001494051663811e-31 3.783233530912237784e-31 2.586708691791038251e-31 1.602569605269646647e-31 8.733149156748973699e-32 4.143942702422669724e-32 1.740019098471079032e-32 6.704645706852162198e-33 3.064232399540302435e-33 1.531404727394763551e-30 9.525549683840066128e-31 7.305321681975854247e-31 5.623498777306439653e-31 4.148297375246645155e-31 2.879639858678859165e-31 1.816894414165909016e-31 1.011577637222582576e-31 4.910282648403144787e-32 2.101974004654750495e-32 8.194095965557234427e-33 3.304589056625241972e-33 1.617839822534521913e-30 1.022254802232282833e-30 7.932841203737147026e-31 6.181436891807014250e-31 4.625141133548133400e-31 3.261163200379668395e-31 2.094318893825557861e-31 1.189222201079574174e-31 5.889562214373732841e-32 2.565220329422379366e-32 1.011982547249035221e-32 3.769820333132817046e-33 1.650053674721393982e-30 1.048200913277800352e-30 8.166058906883047547e-31 6.387645861617187353e-31 4.800673076344099743e-31 3.401690474653926080e-31 2.197173235457044161e-31 1.255995028598168351e-31 6.266531487062396526e-32 2.750276755622534958e-32 1.092836885149646593e-32 4.039600104736542650e-33
9.138903546071104412e-26 3.798697585857807546e-26 1.832609758193740753e-26 8.257264305919419100e-27 3.361746216286692702e-27 1.261273862170218178e-27 4.400973869198594725e-28 1.431227639585560252e-28 4.429834490976185351e-29 1.345565735886135574e-29 4.234183085131434644e-30 1.463935355689723981e-30 2.417585658676206581e-25 3.003632989731025132e-26 2.015890372907935591e-26 9.087445649445961041e-27 3.805009859887179081e-27 1.463327787232210518e-27 5.269664088342186093e-28 1.774040078653290180e-28 5.673632559699046711e-29 1.761428524954335766e-29 5.543892702317264751e-30 1.855662028765681868e-30 1.239000504339039947e-25 3.937806477607911045e-26 2.028241436492058025e-26 9.317905890701335455e-27 3.907132340098560377e-27 1.517203403177368421e-27 5.513159313514832173e-28 1.875568756974108530e-28 6.063451588959940695e-29 1.903755873608122906e-29 6.033197248866805516e-30 2.016267421127048557e-30 1.311131492493047992e-25 3.986649203434936357e-26 2.081813613083331007e-26 9.614362182906584543e-27 4.061640772804834924e-27 1.590798614481283552e-27 5.841229411012314841e-28 2.009554084447742682e-28 6.570610159533133113e-29 2.082459654097848792e-29 6.634593514866946551e-30 2.212620984246487297e-30 1.334791209070010892e-25 4.006173893799908068e-26 2.101030527900045638e-26 9.721907730761047135e-27 4.116474828619755938e-27 1.616949240029058213e-27 5.957001667462575215e-28 2.057644684892398371e-28 6.752701384816423675e-29 2.148274943570807243e-29 6.866901922663750740e-30 2.296247956073258492e-30
3.798749394954606308e-26 2.163722563255805777e-26 1.074517351933725216e-26 5.240647006435089238e-27 2.288089499128568392e-27 9.049008723821796054e-28 3.290189937225545223e-28 1.097203179168812707e-28 3.403862581232024005e-29 1.002451933861052446e-29 2.919855933839912527e-30 8.984699221053928884e-31 3.003632989731025132e-26 6.269699483910252870e-26 9.549389926218425587e-27 5.974432066522704193e-27 2.633250191118967491e-27 1.070305464897995161e-27 4.018025780945760687e-28 1.388090284471530473e-28 4.461700373061033708e-29 1.353573969115588300e-29 4.002555346001654283e-30 1.209423118250575738e-30 3.937900901619970532e-26 2.888849347545632277e-26 1.182570336982674529e-26 6.049607834684456812e-27 2.718548737631427519e-27 1.114609190668300401e-27 4.223731445833533547e-28 1.474769589108650607e-28 4.795282101013072382e-29 1.473786434606014205e-29 4.405439180273420740e-30 1.336783417715504729e-30 3.988592380641765161e-26 3.049059065430078239e-26 1.214808904341584320e-26 6.276282475873684088e-27 2.841259849978517914e-27 1.175336818989870380e-27 4.500776793684955302e-28 1.589828956557991967e-28 5.232104284203088333e-29 1.626465968037903458e-29 4.906933726037008474e-30 1.493727344515766203e-30 4.009255238355691166e-26 3.101926046893260479e-26 1.226575119188307676e-26 6.357255108046669738e-27 2.884790251272599986e-27 1.196856061692148323e-27 4.599102685161732401e-28 1.630876780094829414e-28 5.389092316778694801e-29 1.682403803375363672e-29 5.098825699231698331e-30 1.559373573658271376e-30
1.832422974290964730e-26 1.074495127371772450e-26 6.600242188342579473e-27 3.320737695257530279e-27 1.558655402676286539e-27 6.541141828210947966e-28 2.502761990153823674e-28 8.699325363201829792e-29 2.774870265904444088e-29 8.236957806067655037e-30 2.347371304032517597e-30 6.822908901775139492e-31 2.015890372907935591e-26 9.549389926218425587e-27 2.102330711344293091e-26 3.197546848647338356e-27 1.856498783381271060e-27 7.926240046065409227e-28 3.131523960209853384e-28 1.127704698699574317e-28 3.725210182568399671e-29 1.140868891744087215e-29 3.321767571427387083e-30 9.575037848291729744e-31 2.027639131946362242e-26 1.182439151729908610e-26 8.782442437112776558e-27 3.875618359620719039e-27 1.905084243608292996e-27 8.299968821145895255e-28 3.312991445494552934e-28 1.205421176505619551e-28 4.028131898870119654e-29 1.250095977271366428e-29 3.682304802691148117e-30 1.068671350009954790e-30 2.081829083048775728e-26 1.215049151994025325e-26 9.285346309377598780e-27 4.036859849741430365e-27 2.004300386323963766e-27 8.813641250739970810e-28 3.555795073278575148e-28 1.308795844196963621e-28 4.426743119567273649e-29 1.389952240531907255e-29 4.137059669002726156e-30 1.207444910273779994e-30 2.101317684884026009e-26 1.227017158559380599e-26 9.453936473124823267e-27 4.094472408956853828e-27 2.039441264170880702e-27 8.995321113227376665e-28 3.641960192506477856e-28 1.345677041747770685e-28 4.570110841267581951e-29 1.441077431977514067e-29 4.309332881243667039e-30 1.264061605833697834e-30
8.257373357827572924e-27 5.240542168627164055e-27 3.320632102007572911e-27 2.005139700836309357e-27 9.776691125165238142e-28 4.383676159456834308e-28 1.769966692407358571e-28 6.454916751350314980e-29 2.141089558354993556e-29 6.511567522170705718e-30 1.854053229559136189e-30 5.196001494051663811e-31 9.087445649445961041e-27 5.974432066522704193e-27 3.197546848647338356e-27 7.217636822939880795e-27 1.050926931453823692e-27 5.528227423142333802e-28 2.285093489895943185e-28 8.646937672462268665e-29 2.967431376687548427e-29 9.312355958551903754e-30 2.718910191206144536e-30 7.627161901417443975e-31 9.316844439888415012e-27 6.048952442959136932e-27 3.874976824112009731e-27 2.721704543115216512e-27 1.227570802562095554e-27 5.778552905658141501e-28 2.440041436470168738e-28 9.321068919352174293e-29 3.236499936638610651e-29 1.029062687010787913e-29 3.042096252163160683e-30 8.605262853373349270e-31 9.614071596444834423e-27 6.276350499123325985e-27 4.037295572752853330e-27 2.897232902300157350e-27 1.300540833279031079e-27 6.190274985893275298e-28 2.643361649759615855e-28 1.021741103039910197e-28 3.590294371573977513e-29 1.154992289800245955e-29 3.452154702623786255e-30 9.839624528956749112e-31 9.720098245836598834e-27 6.357060794560554417e-27 4.095337739234724161e-27 2.957647832534236716e-27 1.326376135814734944e-27 6.335942001906394884e-28 2.715565157422846058e-28 1.053753260961124548e-28 3.717924634237180443e-29 1.200994443587783154e-29 3.606511385830990470e-30 1.033372277001153231e-30
3.361722595025506026e-27 2.288139610139578447e-27 1.558706027085410516e-27 9.776677546078690847e-28 5.642076474754051564e-28 2.639860654097032155e-28 1.130757943350802221e-28 4.335877971558618084e-29 1.506144691044916591e-29 4.752057344511657590e-30 1.375195197343672854e-30 3.783233530912237784e-31 3.805009859887179081e-27 2.633250191118967491e-27 1.856498783381271060e-27 1.050926931453823692e-27 2.254913149799418416e-27 3.096753398097024479e-28 1.530516621590641989e-28 6.063800276775115694e-29 2.180090902045861908e-29 7.090264757721615944e-30 2.109916146303734116e-30 5.855736121063670618e-31 3.907634334447822643e-27 2.718774034280299102e-27 1.905081486740243041e-27 1.227402343002695560e-27 8.007783604756322310e-28 3.632877508893650610e-28 1.643141223968709740e-28 6.619265428904991051e-29 2.406574706254764927e-29 7.932014728027091338e-30 2.389986857652962778e-30 6.703124577107098920e-31 4.062156502488191595e-27 2.841542434522346307e-27 2.004385252090955835e-27 1.300660437225332737e-27 8.633096112074263404e-28 3.932039637963890465e-28 1.801332208313921988e-28 7.348411686452353892e-29 2.704031753783765001e-29 9.015140347845516497e-30 2.747182393632068276e-30 7.776485234367017396e-31 4.117315723584761304e-27 2.885179340367469682e-27 2.039545867905722429e-27 1.326610235439024629e-27 8.851016093513474080e-28 4.038058018253985028e-28 1.857610366663216469e-28 7.609436420920562098e-29 2.811547337696611371e-29 9.411803400999077874e-30 2.881283310085482399e-30 8.200769470319308640e-31
1.261447950324416712e-27 9.050110928374582907e-28 6.542072264862762953e-28 4.384250109448571954e-28 2.640047144454387748e-28 1.445750333822552579e-28 6.407166814924383901e-29 2.587327721716408023e-29 9.424736113347452808e-30 3.114611114024827590e-30 9.329404156843775755e-31 2.586708691791038251e-31 1.463327787232210518e-27 1.070305464897995161e-27 7.926240046065409227e-28 5.528227423142333802e-28 3.096753398097024479e-28 8.155228096784594599e-28 8.285937566967770652e-29 3.816309867338986273e-29 1.441506418732695418e-29 4.902213167830056771e-30 1.511158553455122306e-30 4.245099548624715014e-31 1.517190886324650944e-27 1.114611849108760225e-27 8.300570834358775898e-28 5.778766969516109554e-28 3.632580328284443135e-28 2.259824531915521095e-28 9.891613812420918940e-29 4.235877171885498803e-29 1.618219325719469075e-29 5.576487093763541945e-30 1.739365339683819122e-30 4.946213330233788233e-31 1.590973078409597139e-27 1.175482543354409289e-27 8.815076950793950602e-28 6.190707961023275716e-28 3.932157312957196200e-28 2.488647476533042986e-28 1.099682924884546622e-28 4.777356267801734121e-29 1.848427773597880689e-29 6.441480105545348796e-30 2.031339406667232764e-30 5.834920779429386193e-31 1.617231407806659053e-27 1.197115068703840497e-27 8.997970058141607258e-28 6.336934230393803365e-28 4.038442037268482996e-28 2.569457329118822053e-28 1.139147142038631805e-28 4.972074853254374734e-29 1.932112967146190459e-29 6.760044601533750960e-30 2.141235819915578406e-30 6.184203750970592045e-31
4.402169066263965267e-28 3.291204988301412925e-28 2.503490962465311324e-28 1.770496855068294853e-28 1.131081126546711293e-28 6.408416113247852513e-29 3.330714999228478161e-29 1.363681110822620020e-29 5.187005830775684296e-30 1.794711583116372715e-30 5.623183469999012488e-31 1.602569605269646647e-31 5.269664088342186093e-28 4.018025780945760687e-28 3.131523960209853384e-28 2.285093489895943185e-28 1.530516621590641989e-28 8.285937566967770652e-29 3.302932506537481204e-28 1.864740522350572631e-29 8.456200097825909803e-30 3.011583191393479296e-30 9.697626210295554960e-31 2.807051578935853221e-31 5.513399372221685285e-28 4.223725589977198817e-28 3.312739988852102282e-28 2.439837723146358405e-28 1.643004547611205067e-28 9.890411391840238443e-29 5.981445578627299536e-29 2.412649279868746708e-29 9.713319920852185077e-30 3.501989790266217999e-30 1.140556767854619295e-30 3.344142319593998640e-31 5.841169260741147741e-28 4.500923872712455967e-28 3.555493860627883431e-28 2.643042865164576474e-28 1.801108935965691980e-28 1.099577163209185863e-28 6.772628341827646341e-29 2.770444343020324352e-29 1.131972312202110719e-29 4.128011407040014017e-30 1.358461522251518320e-30 4.024278478386520554e-31 5.958401781900139269e-28 4.599860987011026398e-28 3.642031564110318022e-28 2.715454210220926410e-28 1.857495135300960946e-28 1.139099103496241052e-28 7.055799750548163470e-29 2.900105612734247803e-29 1.190804160373590877e-29 4.360674215829294856e-30 1.441058335343720338e-30 4.291933242131585327e-31
1.432753681669528026e-28 1.098305936474341240e-28 8.707302057816673684e-29 6.460347340768291226e-29 4.339156433680949641e-29 2.588976697634091055e-29 1.364261673241780931e-29 6.685124066021465747e-30 2.492718297149111724e-30 8.955314357861588920e-31 2.939684215617798582e-31 8.733149156748973699e-32 1.774040078653290180e-28 1.388090284471530473e-28 1.127704698699574317e-28 8.646937672462268665e-29 6.063800276775115694e-29 3.816309867338986273e-29 1.864740522350572631e-29 1.474647211635245153e-28 3.330794208531742307e-30 1.612804203616638209e-30 5.410986072343876956e-31 1.637220557661229017e-31 1.874957060734770357e-28 1.474328910745979232e-28 1.205003706825355754e-28 9.317407011246765747e-29 6.616640541948864493e-29 4.234253935393597957e-29 2.411905376567636143e-29 1.435127945843268840e-29 5.111031670320886173e-30 1.925578790808528858e-30 6.549776484147702565e-31 2.003313098839700697e-31 2.008835554384546373e-28 1.589275182851366742e-28 1.308297650382404140e-28 1.021239208422018573e-28 7.344279887471841744e-29 4.774575503267959214e-29 2.769302246809755650e-29 1.677210850454903120e-29 6.089087176050558813e-30 2.324631398914238002e-30 7.985352489150412658e-31 2.466905173323366315e-31 2.056850281351825777e-28 1.630532493097884088e-28 1.345384688405422529e-28 1.053357468395299144e-28 7.605576229551659005e-29 4.969250101145158194e-29 2.898981588638698112e-29 1.765494589580161570e-29 6.451533354730688386e-30 2.474844976894826350e-30 8.536663281471258953e-31 2.651013992420983086e-31
4.441292083240955186e-29 3.412162031447504697e-29 2.780860451721676973e-29 2.145211045085200156e-29 1.508755485331167281e-29 9.439415779779533291e-30 5.193600766610262082e-30 2.494676364833541500e-30 1.161002407838709350e-30 3.907770648105783606e-31 1.330814352162132684e-31 4.143942702422669724e-32 5.673632559699046711e-29 4.461700373061033708e-29 3.725210182568399671e-29 2.967431376687548427e-29 2.180090902045861908e-29 1.441506418732695418e-29 8.456200097825909803e-30 3.330794208531742307e-30 6.599157539732384117e-29 3.998355989955385986e-31 2.605410308447238042e-31 8.264325303268216209e-32 6.054103346667944951e-29 4.788930358848806247e-29 4.023299311751710226e-29 3.232767753294746026e-29 2.403837461687579868e-29 1.616438569380885585e-29 9.703522831893567480e-30 5.107234192906946776e-30 3.049637987739859613e-30 9.185521539672931422e-31 3.244331785179901201e-31 1.037424640549507944e-31 6.554796675730192260e-29 5.221880076432710856e-29 4.418765250110138423e-29 3.583839713904747615e-29 2.699213211143214911e-29 1.845212660272888842e-29 1.130151043530540250e-29 6.082247330753194448e-30 3.671851314051429052e-30 1.136401456787047243e-30 4.056152802512131405e-31 1.308983599626589311e-31 6.736454372597670645e-29 5.378801927789496563e-29 4.562236390563134391e-29 3.711318010745036664e-29 2.806425893588440366e-29 1.928555861804311492e-29 1.188716477565570347e-29 6.443704352847160352e-30 3.904793832145679315e-30 1.219761503267624177e-30 4.373969729510474556e-31 1.418647229139672631e-31
1.352744369473664103e-29 1.007602951056356335e-29 8.273957696513430276e-30 6.537228463680999928e-30 4.768592705597379141e-30 3.124205367674003462e-30 1.799494682276793234e-30 8.974229939307389120e-31 3.912479050430438447e-31 1.797791572284926508e-31 5.352588208336305915e-32 1.740019098471079032e-32 1.761428524954335766e-29 1.353573969115588300e-29 1.140868891744087215e-29 9.312355958551903754e-30 7.090264757721615944e-30 4.902213167830056771e-30 3.011583191393479296e-30 1.612804203616638209e-30 3.998355989955385986e-31 3.086089901815586709e-29 8.620987136681805987e-33 3.618986236743298628e-32 1.895133731164669360e-29 1.467991386745214912e-29 1.245763735271966922e-29 1.025878399867386023e-29 7.909168074624869421e-30 5.561309592859625757e-30 3.493087347495469954e-30 1.921313429604513104e-30 9.171386091451310867e-31 5.911357252936262017e-31 1.389180130159428512e-31 4.613925951583892505e-32 2.066420112972319526e-29 1.615811942943082365e-29 1.382090786639412658e-29 1.149080255477385378e-29 8.972183150584353266e-30 6.412358382173704884e-30 4.110459481964441329e-30 2.315976244941211077e-30 1.133535196601742606e-30 7.243817949845566394e-31 1.776510296545200379e-31 5.947897082645109277e-32 2.129507875158561667e-29 1.670222621646621543e-29 1.432246188301822002e-29 1.194300531408235018e-29 9.362124380910237818e-30 6.725535861750156190e-30 4.339319166888403528e-30 2.464013956511214663e-30 1.216123063398609901e-30 7.759586330232744638e-31 1.931396335944307694e-31 6.500022795390578607e-32
4.271313746042311243e-30 2.946268376509916071e-30 2.366244417280104715e-30 1.867153107390001170e-30 1.383721129392725195e-30 9.379917568708989728e-31 5.649437620641870472e-31 2.951014309711896377e-31 1.334519799670194132e-31 5.359802367745017692e-32 2.498211486418013864e-32 6.704645706852162198e-33 5.543892702317264751e-30 4.002555346001654283e-30 3.321767571427387083e-30 2.718910191206144536e-30 2.109916146303734116e-30 1.511158553455122306e-30 9.697626210295554960e-31 5.410986072343876956e-31 2.605410308447238042e-31 8.620987136681805987e-33 1.150052641502204212e-29 -1.048017810150936730e-32 5.975477981459526000e-30 4.365935784784470678e-30 3.653601731344682221e-30 3.021171631780035160e-30 2.375137579828876792e-30 1.729391219644416269e-30 1.134457017778961739e-30 6.517644014508801221e-31 3.230972054569393273e-31 1.385525849144455972e-31 9.907359857210427819e-32 1.799003682184094626e-32 6.517622580592594112e-30 4.827780923978691817e-30 4.079988915328584403e-30 3.410233577899962657e-30 2.717141518534895341e-30 2.010884937983238237e-30 1.345700000909724041e-30 7.916121727596173017e-31 4.026123743704726664e-31 1.768127729875010201e-31 1.215320720256157597e-31 2.351270433166165624e-32 6.720885886643265421e-30 5.000823620594614457e-30 4.239552497225607721e-30 3.555019861027058926e-30 2.843971142621738757e-30 2.115442115192737152e-30 1.424656890997882686e-30 8.445557811066223824e-31 4.333025117259717106e-31 1.919590665053284294e-31 1.305146136572334838e-31 2.585905646485522668e-32
1.479672890378042596e-30 9.096222296361343136e-31 6.902581048404522278e-31 5.251333342142280962e-31 3.819347123998540968e-31 2.608293849681155981e-31 1.613984516683051059e-31 8.784112432564128536e-32 4.162155018622204361e-32 1.744756737974010838e-32 6.711181278619745077e-33 3.064232399540302435e-33 1.855662028765681868e-30 1.209423118250575738e-30 9.575037848291729744e-31 7.627161901417443975e-31 5.855736121063670618e-31 4.245099548624715014e-31 2.807051578935853221e-31 1.637220557661229017e-31 8.264325303268216209e-32 3.618986236743298628e-32 -1.048017810150936730e-32 2.800333331936447450e-30 1.986171155074925739e-30 1.316203878691679900e-30 1.053809277842047775e-30 8.497523414096403304e-31 6.626751594367804543e-31 4.894645058299998433e-31 3.311983738817672303e-31 1.985590884969224035e-31 1.029286865265663505e-31 4.585559380883731038e-32 1.792950493533532901e-32 1.269696537977819118e-32 2.146871039560146422e-30 1.449260400549535308e-30 1.175649696277122780e-30 9.608426305741054586e-31 7.611732387834686237e-31 5.722313738087332163e-31 3.952741309875889934e-31 2.426383243476783916e-31 1.289556504192471287e-31 5.875821148453082461e-32 2.334981835552443720e-32 1.549202278499525516e-32 2.208113662317514430e-30 1.499959521116418106e-30 1.221996970268625710e-30 1.002764851825338944e-30 7.981355054300607014e-31 6.032776663635859258e-31 4.194273404294048595e-31 2.594508507583128628e-31 1.390756867623852941e-31 6.391781229402479923e-32 2.559813233851172163e-32 1.667888012279197324e-32
9.131328451854684440e-26 3.861235242187734467e-26 1.865030519649350296e-26 8.435816341331065534e-27 3.450372613629418342e-27 1.301743345646500080e-27 4.570811862718639787e-28 1.496478418765621597e-28 4.660491974170211543e-29 1.420979823400290391e-29 4.465174066456053689e-30 1.531404727394763551e-30 1.239000504339039947e-25 3.937900901619970532e-26 2.027639131946362242e-26 9.316844439888415012e-27 3.907634334447822643e-27 1.517190886324650944e-27 5.513399372221685285e-28 1.874957060734770357e-28 6.054103346667944951e-29 1.895133731164669360e-29 5.975477981459526000e-30 1.986171155074925739e-30 2.327339409501603795e-25 3.225262083809843873e-26 2.089576043020265004e-26 9.524867136810008454e-27 4.032546263168320768e-27 1.575216637287109440e-27 5.779603704867788720e-28 1.990304692901723421e-28 6.517933224692650640e-29 2.068209430818398070e-29 6.583600676713454478e-30 2.188263060334283988e-30 1.658796043681695058e-25 3.823381515160345598e-26 2.128008523029859436e-26 9.845233301362002108e-27 4.191510150474336437e-27 1.654589172189817901e-27 6.143087068432150419e-28 2.142850714972180627e-28 7.116610960530605204e-29 2.286827818113754081e-29 7.337856504537935308e-30 2.437203255896440629e-30 1.738311588309842013e-25 3.805587800848821978e-26 2.148669139704283241e-26 9.958156855259594699e-27 4.249827164437294844e-27 1.682818006571417615e-27 6.270582290578630911e-28 2.198282824519715866e-28 7.334025992195076874e-29 2.368885393121833508e-29 7.633407202240637261e-30 2.543806315537784241e-30
3.861260372824843048e-26 2.179127878458512143e-26 1.098507436433754609e-26 5.372965711765366454e-27 2.357656886596679938e-27 9.377447747758813222e-28 3.431491652214351762e-28 1.152323203585540363e-28 3.599903776023884408e-29 1.066335779703566212e-29 3.112138956213498121e-30 9.525549683840066128e-31 3.937806477607911045e-26 2.888849347545632277e-26 1.182439151729908610e-26 6.048952442959136932e-27 2.718774034280299102e-27 1.114611849108760225e-27 4.223725589977198817e-28 1.474328910745979232e-28 4.788930358848806247e-29 1.467991386745214912e-29 4.365935784784470678e-30 1.316203878691679900e-30 3.225262083809843873e-26 5.836225219373301367e-26 1.043892492035983635e-26 6.289788001476650428e-27 2.815414474498714818e-27 1.162866593606295868e-27 4.450105257691214807e-28 1.573483678588836821e-28 5.188749521230263797e-29 1.615017289313231965e-29 4.870929645312279186e-30 1.477999589122078669e-30 3.826741060820902073e-26 3.785152043318899263e-26 1.208223037519662606e-26 6.470608263037477422e-27 2.944229722749298217e-27 1.228551477239493553e-27 4.758311714280703638e-28 1.705201828907372975e-28 5.705672355717002359e-29 1.802807961476652720e-29 5.504513969606213925e-30 1.679155248750821424e-30 3.811306404380305311e-26 3.952189075632796592e-26 1.214639631900969559e-26 6.558360984860261973e-27 2.990602394357039600e-27 1.251878244395185723e-27 4.867666425561441615e-28 1.752545133219252658e-28 5.894528221223046096e-29 1.872882405353250037e-29 5.751121300091381820e-30 1.764070920777385782e-30
