a_s = 1.8564338702085217e-09
age = 13.517771161042942
cosmomc_theta = 1.0504313981714408
cs2_de = 1.0
dastar = 13.657301545786314
h0 = 0.695021
hubble = 69.5021
k = 0.0
kd = 0.1420324435017507
keq = 0.010637455821216864
massive_nu = 1
massless_nu = 2.030666666666667
mnu = 0.06
n_eff = 3.0460000000000003
n_s = 0.901206
num_nu_massive = 1
num_nu_massless = 2.030666666666667
ombh2 = 0.022492
omch2 = 0.123355
omega_b = 0.04656206372926013
omega_c = 0.25536472396064747
omega_k = 0.0
omega_lambda = 0.6967376718848055
omega_m = 0.3032623281151945
omega_nu = 0.0013355404252868718
ommh2 = 0.14649213839893818
omnuh2 = 0.0006451383989381787
rdrag = 146.08415686437874
rstar = 143.48616078056017
s_8 = 0.766088757499958
s_8_input = 0.763871
sigma_12 = 0.7411397867513276
sigma_8 = 0.7619570365477448
sigma_8_input = 0.761429724542485
thetad = 0.16195613930679809
thetaeq = 0.8064432385127375
thetarseq = 0.4459513855266815
thetastar = 1.0506186767533878
w = -1.0
wa = 0.0
zdrag = 1060.4567317941508
zeq = 3485.3191488175785
zstar = 1090.052974975246
