bin_1 = 0.001926500525865793
bin_2 = 0.010106425682122111
bin_3 = -0.020673992309320766
bin_4 = -0.01433281349259019
bin_5 = 0.005273302421952786
