# Created by Tilman Tröster (tilman@troester.space) on 2021-07-29 14:25:40 using add_up_covariance_terms.py
# Covariance total_SSC_mask (gaussian_nka+hmx_cNG_1h+hmx_SSC_mask_wl+m) of Cl_TE (tomographic bins (0, 0), (1, 0), (2, 0), (3, 0), (4, 0))
3.359190070505603100e-25 1.682943799634620653e-26 1.753807866086502898e-26 7.497116371538954012e-27 3.026840379747060704e-27 1.104147702421594642e-27 3.758591863304967401e-28 1.192620212074168873e-28 3.622245686008520423e-29 1.087738786499601119e-29 3.468555511684056704e-30 1.242567745678058012e-30 9.119622375983733013e-26 3.799309804748762580e-26 1.832420183279838120e-26 8.257418421203220937e-27 3.361695878941147407e-27 1.261448630234521285e-27 4.402175715251264120e-28 1.432754437660646704e-28 4.441287882946356682e-29 1.352746146849573109e-29 4.271322170718723368e-30 1.479670206460156214e-30 9.115634845169994431e-26 3.861712098748141349e-26 1.864947263906189034e-26 8.435981500590570220e-27 3.450202986452673000e-27 1.301884489194285711e-27 4.572230318677608559e-28 1.498561127498074416e-28 4.678824967350121651e-29 1.434046445898919374e-29 4.540715135720147504e-30 1.566803939155440426e-30 9.177467496554636603e-26 3.945811225022438681e-26 1.910875715296377511e-26 8.686595355838858075e-27 3.573895873901497780e-27 1.357840244591495312e-27 4.805141286743547180e-28 1.587212996183331983e-28 4.991421474331639900e-29 1.538005797492760360e-29 4.875759762179001806e-30 1.674151975746480219e-30 9.218928612426447111e-26 3.975211401922098515e-26 1.927511389205000909e-26 8.776613912339566185e-27 3.618012823035771931e-27 1.377735303447537904e-27 4.887687009148326316e-28 1.618716767904215145e-28 5.102888361867543829e-29 1.575775598959500048e-29 5.004157359411740892e-30 1.720073112471385864e-30
1.682943799634620653e-26 9.606931973957514654e-26 5.268780150558983097e-27 4.903802003492099142e-27 2.020282428518144239e-27 7.787987351455175964e-28 2.760264709379754228e-28 8.974186090512115997e-29 2.725251860436137332e-29 7.862515308658869863e-30 2.291419346271308506e-30 7.259391084873829933e-31 3.799262673341539881e-26 2.167309536616897451e-26 1.074239630494536499e-26 5.240633041581880094e-27 2.288143071114058040e-27 9.050112583961478830e-28 3.291202604591109670e-28 1.098306111596795007e-28 3.412161604081456381e-29 1.007602285499305618e-29 2.946272767193062399e-30 9.096219489987803022e-31 3.861689807001220355e-26 2.182054610504016832e-26 1.098288959722047619e-26 5.372990430437578911e-27 2.357636565267631712e-27 9.378382552769475089e-28 3.432682620115275987e-28 1.153826312917383617e-28 3.613000436127829340e-29 1.075564453996555383e-29 3.165226364852167631e-30 9.773496582329702597e-31 3.945963631189799507e-26 2.216873548965710522e-26 1.131332738342900673e-26 5.558435289417778029e-27 2.454449814069095043e-27 9.832022870400604679e-28 3.626344944031385881e-28 1.228753881759918835e-28 3.878685090674677325e-29 1.163285004767726789e-29 3.440478555431294520e-30 1.061357789597435188e-30 3.975445170494797920e-26 2.233841685881323395e-26 1.142959553331159746e-26 5.624734845320204242e-27 2.488840659627141647e-27 9.992817670052000551e-28 3.694910019580116779e-28 1.255326784602466698e-28 3.973331977503175973e-29 1.195002155573630187e-29 3.544840812864014497e-30 1.096625602900420083e-30
1.753807866086502898e-26 5.268780150558983097e-27 3.550350441939405522e-26 1.600446118942682081e-27 1.397710674071440614e-27 5.508466987160925632e-28 2.051097850874139655e-28 6.965423802722609581e-29 2.173082709553695596e-29 6.303344055820939439e-30 1.784579914399446215e-30 5.303380123970437045e-31 1.832593939654563576e-26 1.074260659366306779e-26 6.632889419461222588e-27 3.319252489898233571e-27 1.558761586297131640e-27 6.542085240483689696e-28 2.503480624173227920e-28 8.707304300857602572e-29 2.780863756523300479e-29 8.273954959527404680e-30 2.366243511883127299e-30 6.902592269769406488e-31 1.865020243798886146e-26 1.098294419730291435e-26 6.734825575892001172e-27 3.420332859837541122e-27 1.613537826231581676e-27 6.813452857411969801e-28 2.624699812294911704e-28 9.195108282062494904e-29 2.959809459355167110e-29 8.881010261795753566e-30 2.559222838796311992e-30 7.483048128089564102e-31 1.911007694731179982e-26 1.131375616102052677e-26 6.914676358664796252e-27 3.559777365184871333e-27 1.689685086202246558e-27 7.187956478335550729e-28 2.790473124088738821e-28 9.853983863793148753e-29 3.197674812834272546e-29 9.671575865973498770e-30 2.805048508160498247e-30 8.212324851862855998e-31 1.927656802365476607e-26 1.143015057400201598e-26 6.991763530449311063e-27 3.608804926870123356e-27 1.716664208038512124e-27 7.320349321754420650e-28 2.849079033241601308e-28 1.008747160341653504e-28 3.282360082386963753e-29 9.956580650236265723e-30 2.897228198514822069e-30 8.510499926754566077e-31
7.497116371538954012e-27 4.903802003492099142e-27 1.600446118942682081e-27 1.286684320029773936e-26 5.211312767457382652e-28 3.713755861559018078e-28 1.403279372711851855e-28 5.018696224792736123e-29 1.628774174311492092e-29 4.837096044579808822e-30 1.361308730372984307e-30 3.876337267503829779e-31 8.257319630512944580e-27 5.240736559001816003e-27 3.319367033176905725e-27 2.016329052004451010e-27 9.773826381617527037e-28 4.384373060314540355e-28 1.770486176250617464e-28 6.460346857719816653e-29 2.145212260617849230e-29 6.537226941197220059e-30 1.867151584250468972e-30 5.251345919273555539e-31 8.435859482552318687e-27 5.373041252815657052e-27 3.420341667138846772e-27 2.070235991679912331e-27 1.017854462695520856e-27 4.594937032530255273e-28 1.868919502418720163e-28 6.870164836921528579e-29 2.299237178172394757e-29 7.066646630213945363e-30 2.035345631281241995e-30 5.748653400592404902e-31 8.686677775360515724e-27 5.558628392591465864e-27 3.559935230383004351e-27 2.154178272186906996e-27 1.073631996725275979e-27 4.884823725474298811e-28 2.003190503564416842e-28 7.423041263881485452e-29 2.504245771823844682e-29 7.759370057110171202e-30 2.251521692209800760e-30 6.379555254246645985e-31 8.776559767189667986e-27 5.624916046728262402e-27 3.609014591074472010e-27 2.187291239293051567e-27 1.093245018016088939e-27 4.987156239774118040e-28 2.050625527550399603e-28 7.618956061799089240e-29 2.577256103198970027e-29 8.009332005315861411e-30 2.331984506403083043e-30 6.632220345699319592e-31
3.026840379747060704e-27 2.020282428518144239e-27 1.397710674071440614e-27 5.211312767457382652e-28 4.145174874024782635e-27 1.275755355598870319e-28 8.845441139946578400e-29 3.234043475053956544e-29 1.102759448837787625e-29 3.396106959742996547e-30 9.677777048906110731e-31 2.686306061672614579e-31 3.361717400156698519e-27 2.288092998192551830e-27 1.558710025952514288e-27 9.773870764034289738e-28 5.672193406775759661e-28 2.639385957764037529e-28 1.131090721145434796e-28 4.339147097390207047e-29 1.508755697162149629e-29 4.768589775760829837e-30 1.383719637323801641e-30 3.819355335675441829e-31 3.450349647446703975e-27 2.357659963971227069e-27 1.613500703991115803e-27 1.017824973857319013e-27 5.908200465168630914e-28 2.788378619226183483e-28 1.204508123394934191e-28 4.658361008184780877e-29 1.632761763133704545e-29 5.205248868575290804e-30 1.524104225247954762e-30 4.232357494150974361e-31 3.574090771357700740e-27 2.454532044071427379e-27 1.689692480616059908e-27 1.073654394599771263e-27 6.252279922297528220e-28 2.992122379247393284e-28 1.304274104084992424e-28 5.087525569107540063e-29 1.797505862931637920e-29 5.777366111728900457e-30 1.705402545268803085e-30 4.759875258710232007e-31 3.618255266883776985e-27 2.488959840364671760e-27 1.716697818730421441e-27 1.093290422774047015e-27 6.381023470111856541e-28 3.063852060438915437e-28 1.339539622010155002e-28 5.239780570111333648e-29 1.856280569852803931e-29 5.983897181207548702e-30 1.772705128738385655e-30 4.968011413638122915e-31
1.104147702421594642e-27 7.787987351455175964e-28 5.508466987160925632e-28 3.713755861559018078e-28 1.275755355598870319e-28 1.718397415135717949e-27 2.602760496808918791e-29 1.837297910085582668e-29 6.561556373473356749e-30 2.125096811709033689e-30 6.266449200667861909e-31 1.741715973650884978e-31 1.261277772435303031e-27 9.049006000236768770e-28 6.541133403560061753e-28 4.383786843060822691e-28 2.639200656727662642e-28 1.458584436041535070e-28 6.406986785300856364e-29 2.588964996986067768e-29 9.439431146761550559e-30 3.124197817963822414e-30 9.379902347908155002e-31 2.608301462001531781e-31 1.301746465457169572e-27 9.377444143720174849e-28 6.812634252212345223e-28 4.594357098627764331e-28 2.788090326121465008e-28 1.543458908800058072e-28 6.896556696537584350e-29 2.813290641468400758e-29 1.034653754047588790e-29 3.454396659471661311e-30 1.046861606538830336e-30 2.932205226787523505e-31 1.357782619891012716e-27 9.831692499206852578e-28 7.187477102481062047e-28 4.884352184470733026e-28 2.991916193713448303e-28 1.664193300982835189e-28 7.557149344012573641e-29 3.113127510478834583e-29 1.154572264712481946e-29 3.885968128414854989e-30 1.187568800082572893e-30 3.347223044411057151e-31 1.377718585335435688e-27 9.992886285110368234e-28 7.320231093068068334e-28 4.986866637667806116e-28 3.063716783015808124e-28 1.708846480751258235e-28 7.790902020856914958e-29 3.219824039475069758e-29 1.197530235200747270e-29 4.042362403980586236e-30 1.239828867681737201e-30 3.509661734820710605e-31
3.758591863304967401e-28 2.760264709379754228e-28 2.051097850874139655e-28 1.403279372711851855e-28 8.845441139946578400e-29 2.602760496808918791e-29 7.767005438146663281e-28 1.396204851889679664e-30 3.378923131495691238e-30 1.158360067107273182e-30 3.588382862004381182e-31 1.028833300040453378e-31 4.400968537525864442e-28 3.290190396888430420e-28 2.502762621337854283e-28 1.769960590820841231e-28 1.130767473907505277e-28 6.405743173344181601e-29 3.373990915904973959e-29 1.363858068946717148e-29 5.193591837495649300e-30 1.799489706860499488e-30 5.649414750835605019e-31 1.613992993393272517e-31 4.570808596812696662e-28 3.431491904947236238e-28 2.623753377419829114e-28 1.868210404480738614e-28 1.204062995846884404e-28 6.894601531344791919e-29 3.635257702097015060e-29 1.503429166941008109e-29 5.784572110867787033e-30 2.022772978478082155e-30 6.411522554739648722e-31 1.846607785266617539e-31 4.803815378140810969e-28 3.625314030726357635e-28 2.789586216029288269e-28 2.002465114050808755e-28 1.303795145476127471e-28 7.555100048926212079e-29 4.001078674138345270e-29 1.688313516587124802e-29 6.560103903910552499e-30 2.312968055490003095e-30 7.393825957928230096e-31 2.144518691138938948e-31 4.886717646961618566e-28 3.694143433279931330e-28 2.848394380411676323e-28 2.050007944003783974e-28 1.339105397789962888e-28 7.789016481125227177e-29 4.137001111220774416e-29 1.754449765195856174e-29 6.839811471905494247e-30 2.418964609763538179e-30 7.761018686516137257e-31 2.261152279987093653e-31
1.192620212074168873e-28 8.974186090512115997e-29 6.965423802722609581e-29 5.018696224792736123e-29 3.234043475053956544e-29 1.837297910085582668e-29 1.396204851889679664e-30 3.811722746683489178e-28 -1.399797026213239417e-30 5.369143104630787956e-31 1.752787681950846888e-31 5.449516865518491216e-32 1.431230553588088485e-28 1.097202699915070966e-28 8.699316166314772919e-29 6.454912801629797084e-29 4.335872998346494446e-29 2.587325019135815942e-29 1.363280241518641491e-29 6.824527545415721258e-30 2.493758666785788663e-30 8.974221557437464833e-31 2.950992270114905254e-31 8.784167185798763935e-32 1.496481789207369658e-28 1.152323443803802009e-28 9.183808186586992403e-29 6.862117461735723145e-29 4.653264567979701381e-29 2.810578943730204906e-29 1.502400566631221762e-29 7.486099045160241470e-30 2.829546392179380218e-30 1.029138360027388369e-30 3.417549308679004101e-31 1.026165162166682892e-31 1.584995668186495891e-28 1.227175510349082115e-28 9.841974230858007121e-29 7.414130784362531177e-29 5.081620014916277993e-29 3.109832820029339373e-29 1.687050851701580738e-29 8.406279296858831471e-30 3.265566674055435739e-30 1.199023186718188250e-30 4.016123420499026975e-31 1.214995845031709239e-31 1.616570923880560588e-28 1.253851913064472661e-28 1.007636512086420447e-28 7.610481049049344761e-29 5.233973452498733292e-29 3.216489212218047754e-29 1.753160443576074574e-29 8.755988694770967100e-30 3.424386054037256645e-30 1.261870075754902921e-30 4.242839032780722381e-31 1.289613491835590966e-31
3.622245686008520423e-29 2.725251860436137332e-29 2.173082709553695596e-29 1.628774174311492092e-29 1.102759448837787625e-29 6.561556373473356749e-30 3.378923131495691238e-30 -1.399797026213239417e-30 1.856314254790370423e-28 -8.219993721730692916e-31 7.623694356621808484e-32 2.676361190827524931e-32 4.429828797793436536e-29 3.403861968047157725e-29 2.774871550671784033e-29 2.141091194320390125e-29 1.506145731623419110e-29 9.424732419807743519e-30 5.187009780772549459e-30 2.491819026592756428e-30 1.203406791535657698e-30 3.910609082108532762e-31 1.334504946793307012e-31 4.162210081056364727e-32 4.660484288784818624e-29 3.599901639116471640e-29 2.950216991918398116e-29 2.292458328165609527e-29 1.628304686482838619e-29 1.032039495056855850e-29 5.772026839958160268e-30 2.825446594071242372e-30 1.335054785196262299e-30 4.582078285686816377e-31 1.579652563166771162e-31 4.969602821653152020e-32 4.969207832310075181e-29 3.863098344145205843e-29 3.186182639524584835e-29 2.495925057323541178e-29 1.791903801370580745e-29 1.151192011142288135e-29 6.543234329345821125e-30 3.259859714372019334e-30 1.521327446468021934e-30 5.441227786098983567e-31 1.893038816667547538e-31 6.001032535856896903e-32 5.080031781060016153e-29 3.957474152442699356e-29 3.270750698247067564e-29 2.568745359159143367e-29 1.850452598819762466e-29 1.193944783714644453e-29 6.821513329601107010e-30 3.418085640743887549e-30 1.595538269160336812e-30 5.764524097572227676e-31 2.014285400066153387e-31 6.416831209524822603e-32
1.087738786499601119e-29 7.862515308658869863e-30 6.303344055820939439e-30 4.837096044579808822e-30 3.396106959742996547e-30 2.125096811709033689e-30 1.158360067107273182e-30 5.369143104630787956e-31 -8.219993721730692916e-31 9.253182509519378628e-29 -3.120179315025907890e-31 1.369427899001168968e-32 1.345565368432924558e-29 1.002451886493873122e-29 8.236959226046006627e-30 6.511566067167821066e-30 4.752057468360122648e-30 3.114611012168672738e-30 1.794713421842036040e-30 8.955334621427445640e-31 3.905961201918012521e-31 1.919667050202997598e-31 5.355919001362748917e-32 1.744771293264010547e-32 1.420979123986004629e-29 1.066335773407427675e-29 8.814099695851505519e-30 7.019441483010165502e-30 5.173853517884157129e-30 3.435364405025597725e-30 2.012711953876832129e-30 1.024839849099442392e-30 4.569932151562579820e-31 2.099858986656475304e-31 6.466925030030353388e-32 2.120421125947823801e-32 1.520563287954511348e-29 1.151113048932775692e-29 9.583364156166518699e-30 7.696245539695042235e-30 5.734632223859267392e-30 3.859391863510603021e-30 2.298427309551616728e-30 1.192534769488323892e-30 5.421882349072660005e-31 2.384515384883550439e-31 7.887442212373913307e-32 2.602856864063919395e-32 1.556651649101588168e-29 1.181771405835590168e-29 9.861294491372188335e-30 7.940754220566017980e-30 5.936938554181047899e-30 4.012718133981507944e-30 2.402431752825020554e-30 1.254311764123798608e-30 5.741333717683105023e-31 2.512145697233068934e-31 8.451756495944544407e-32 2.803488803397421698e-32
3.468555511684056704e-30 2.291419346271308506e-30 1.784579914399446215e-30 1.361308730372984307e-30 9.677777048906110731e-31 6.266449200667861909e-31 3.588382862004381182e-31 1.752787681950846888e-31 7.623694356621808484e-32 -3.120179315025907890e-31 4.054929978258467357e-29 -9.683794955791096107e-32 4.234190979811526673e-30 2.919859890655304741e-30 2.347370452123799360e-30 1.854051646970074708e-30 1.375193058588127058e-30 9.329387164900300253e-31 5.623161031527791854e-31 2.939663416164659361e-31 1.330810502363672933e-31 5.348867250768618207e-32 2.846687038801898072e-32 6.703254207925459629e-33 4.465178030557163058e-30 3.112140779348420180e-30 2.521068644370696365e-30 2.008460835271354727e-30 1.506108132019189898e-30 1.035725567742993626e-30 6.349944758786224055e-31 3.388612825228293691e-31 1.568993274200949545e-31 6.441682043596387305e-32 2.949691123605976638e-32 8.225168794603710487e-33 4.765358293465534100e-30 3.363644438839636233e-30 2.749897179070996819e-30 2.212303762222685240e-30 1.678768649172439639e-30 1.170715570742591732e-30 7.297628780402069205e-31 3.968878590529837369e-31 1.874531414994400040e-31 7.839938864217899847e-32 3.240882593099033588e-32 1.019925855188548351e-32 4.875556392489855776e-30 3.455834867207953578e-30 2.833679245797758934e-30 2.286644855089102831e-30 1.741668580991726947e-30 1.219954866496307711e-30 7.645663737233122208e-31 4.184855110970116520e-31 1.990790820540154392e-31 8.388694380893460573e-32 3.417406397411837213e-32 1.104974683324552207e-32
1.242567745678058012e-30 7.259391084873829933e-31 5.303380123970437045e-31 3.876337267503829779e-31 2.686306061672614579e-31 1.741715973650884978e-31 1.028833300040453378e-31 5.449516865518491216e-32 2.676361190827524931e-32 1.369427899001168968e-32 -9.683794955791096107e-32 1.450933463041625703e-29 1.463933505097797648e-30 8.984692782495625750e-31 6.822909754874118893e-31 5.196005539726255376e-31 3.783238349458512300e-31 2.586713301609942583e-31 1.602575229028702114e-31 8.733192749095782938e-32 4.143974797535585002e-32 1.740032657420676236e-32 6.697156020323092891e-33 3.939174061790766785e-33 1.531404317969813532e-30 9.525552970667020884e-31 7.305324923860531936e-31 5.623499366654978662e-31 4.148298440137881461e-31 2.879641598174945891e-31 1.816895531809392757e-31 1.011579197589152623e-31 4.910307795991834952e-32 2.102000788943740749e-32 8.189787388392386353e-33 3.749702454580513423e-33 1.617838458599146191e-30 1.022254602143775800e-30 7.932844743828273690e-31 6.181439048228928245e-31 4.625140854976499841e-31 3.261162920695442391e-31 2.094318428580480119e-31 1.189223108823327717e-31 5.889575950841134317e-32 2.565234087667309369e-32 1.011797801939903783e-32 3.865320349116164703e-33 1.650053250292697691e-30 1.048201049906035239e-30 8.166063510852872534e-31 6.387649743896642641e-31 4.800677979058592301e-31 3.401694431381993140e-31 2.197175853834704079e-31 1.255997456762781235e-31 6.266552775223026178e-32 2.750292116939225236e-32 1.092695487002637052e-32 4.068855077614573333e-33
9.119622375983733013e-26 3.799262673341539881e-26 1.832593939654563576e-26 8.257319630512944580e-27 3.361717400156698519e-27 1.261277772435303031e-27 4.400968537525864442e-28 1.431230553588088485e-28 4.429828797793436536e-29 1.345565368432924558e-29 4.234190979811526673e-30 1.463933505097797648e-30 2.362430637419090621e-25 3.010971981451933604e-26 2.015418676158458847e-26 9.087937697421919934e-27 3.804876282283854674e-27 1.463333400234596655e-27 5.269743040341568428e-28 1.774034601904531665e-28 5.673640071190048861e-29 1.761432404401745699e-29 5.543940822608700492e-30 1.855656834520608370e-30 1.228104153364499521e-25 3.941074036214674359e-26 2.028184105428055614e-26 9.318094762454408421e-27 3.906992141126135096e-27 1.517196219462590919e-27 5.513244422980142106e-28 1.875574651136954427e-28 6.063411666063731439e-29 1.903767217453659138e-29 6.033221965359425741e-30 2.016261252325462822e-30 1.298369642075147748e-25 3.990624937387336632e-26 2.081793999866692846e-26 9.614637275830123449e-27 4.061466005590462877e-27 1.590795640868911874e-27 5.841294820297402592e-28 2.009567761272454804e-28 6.570573780344772921e-29 2.082472833318031616e-29 6.634627536120730426e-30 2.212595745165628315e-30 1.321457580396771350e-25 4.010410448183363249e-26 2.101027370183166408e-26 9.722106705856819825e-27 4.116306279205303202e-27 1.616948379219093474e-27 5.957121623188212413e-28 2.057636678646495352e-28 6.752678931658038502e-29 2.148274743782899190e-29 6.866947523819032067e-30 2.296238281113386026e-30
3.799309804748762580e-26 2.167309536616897451e-26 1.074260659366306779e-26 5.240736559001816003e-27 2.288092998192551830e-27 9.049006000236768770e-28 3.290190396888430420e-28 1.097202699915070966e-28 3.403861968047157725e-29 1.002451886493873122e-29 2.919859890655304741e-30 8.984692782495625750e-31 3.010971981451933604e-26 6.404227856185496376e-26 9.413000517041761866e-27 5.980495027611544434e-27 2.633515196022722428e-27 1.070309079536780116e-27 4.017942868722525571e-28 1.388058092483032380e-28 4.461830722622850326e-29 1.353543854172991258e-29 4.002589601085040200e-30 1.209435588909947942e-30 3.941161841450330691e-26 2.908749440570155562e-26 1.181252886457322514e-26 6.050058592047523510e-27 2.718562769122990617e-27 1.114605999450133544e-27 4.223743282760026810e-28 1.474767330928359245e-28 4.795263206041641550e-29 1.473789475256317708e-29 4.405445677955401516e-30 1.336782819414511766e-30 3.992417185579679473e-26 3.072154235057149657e-26 1.213305055230231247e-26 6.276820364563778191e-27 2.841278151108439029e-27 1.175333665887118072e-27 4.500789051891171568e-28 1.589823784473803605e-28 5.232096146567466319e-29 1.626467728332405414e-29 4.906937438593264882e-30 1.493723266033311302e-30 4.013253300214673110e-26 3.126015661911880464e-26 1.225013170842632882e-26 6.357802043526288942e-27 2.884809124668268743e-27 1.196853914855665067e-27 4.599117311721452095e-28 1.630872573701827974e-28 5.389080016354137998e-29 1.682405367677477601e-29 5.098827147406568441e-30 1.559370972618755269e-30
1.832420183279838120e-26 1.074239630494536499e-26 6.632889419461222588e-27 3.319367033176905725e-27 1.558710025952514288e-27 6.541133403560061753e-28 2.502762621337854283e-28 8.699316166314772919e-29 2.774871550671784033e-29 8.236959226046006627e-30 2.347370452123799360e-30 6.822909754874118893e-31 2.015418676158458847e-26 9.413000517041761866e-27 2.263316838031663614e-26 3.120275069995528400e-27 1.859806550070094550e-27 7.926252061278727643e-28 3.131207114893439223e-28 1.127673229310664558e-28 3.725446521688721860e-29 1.140799305247239495e-29 3.321867536030732491e-30 9.575413925790613171e-31 2.027626728410843481e-26 1.181128536765271778e-26 8.954001275071524797e-27 3.868647345613278111e-27 1.905370433356101626e-27 8.299965754399470813e-28 3.312976960408601130e-28 1.205419090260972755e-28 4.028136470636709957e-29 1.250094593033151508e-29 3.682305801913909722e-30 1.068669871198751740e-30 2.081807152404204289e-26 1.213534412657569066e-26 9.483464118143391133e-27 4.028800786228441669e-27 2.004632016492571015e-27 8.813610275076803935e-28 3.555789562740169548e-28 1.308790877938810629e-28 4.426753391236144947e-29 1.389948652256650638e-29 4.137059458656101296e-30 1.207444017060328667e-30 2.101290580206171503e-26 1.225434584848620306e-26 9.660364954213902982e-27 4.086065269895156766e-27 2.039786337772742717e-27 8.995283829241856093e-28 3.641954338829353264e-28 1.345671352077289926e-28 4.570124888060488367e-29 1.441075449274157346e-29 4.309331097352421664e-30 1.264059963888221603e-30
8.257418421203220937e-27 5.240633041581880094e-27 3.319252489898233571e-27 2.016329052004451010e-27 9.773870764034289738e-28 4.383786843060822691e-28 1.769960590820841231e-28 6.454912801629797084e-29 2.141091194320390125e-29 6.511566067167821066e-30 1.854051646970074708e-30 5.196005539726255376e-31 9.087937697421919934e-27 5.980495027611544434e-27 3.120275069995528400e-27 7.945610249043597692e-27 1.030318811848373328e-27 5.538656343276512278e-28 2.284162959989342697e-28 8.646803117650956902e-29 2.967611028923904591e-29 9.311635893386099539e-30 2.718898462925160060e-30 7.627984345776123931e-31 9.317103459646730738e-27 6.049403447460446184e-27 3.867948733913488163e-27 2.776464198860901215e-27 1.226215364210088212e-27 5.779103386198890824e-28 2.440005102104179776e-28 9.321065126625826046e-29 3.236505698273881968e-29 1.029060232645980807e-29 3.042093067354583846e-30 8.605268919100548721e-31 9.614379862864438955e-27 6.276890462008734560e-27 4.029263515682681069e-27 2.960171348515179451e-27 1.298967787017476403e-27 6.190906471178128823e-28 2.643324631440854274e-28 1.021738466663300734e-28 3.590308138749694257e-29 1.154989232566555896e-29 3.452151674344828028e-30 9.839639226426651991e-31 9.720413659500604262e-27 6.357611018321446877e-27 4.086988298403704197e-27 3.023223874303155717e-27 1.324728957050296152e-27 6.336610168663374009e-28 2.715528554730339003e-28 1.053748407032207091e-28 3.717939733146947354e-29 1.200991284515513188e-29 3.606507386525396094e-30 1.033373270329405920e-30
3.361695878941147407e-27 2.288143071114058040e-27 1.558761586297131640e-27 9.773826381617527037e-28 5.672193406775759661e-28 2.639200656727662642e-28 1.130767473907505277e-28 4.335872998346494446e-29 1.506145731623419110e-29 4.752057468360122648e-30 1.375193058588127058e-30 3.783238349458512300e-31 3.804876282283854674e-27 2.633515196022722428e-27 1.859806550070094550e-27 1.030318811848373328e-27 2.523399676714444192e-27 3.023964917522279214e-28 1.531697960815270269e-28 6.062290932379793972e-29 2.180290069293209887e-29 7.089256539974193419e-30 2.109816365732725802e-30 5.856104582975268076e-31 3.907477748386354972e-27 2.718790840470747334e-27 1.905363997479092751e-27 1.226024358381238122e-27 8.147123669566530673e-28 3.629824106278112157e-28 1.643188984515371211e-28 6.619242640490873012e-29 2.406578332666133642e-29 7.932001369735715962e-30 2.389982278692213429e-30 6.703131316315919615e-31 4.061970931775252339e-27 2.841562295749358451e-27 2.004715636163776750e-27 1.299099125424220093e-27 8.792711493627739704e-28 3.928544534558763643e-28 1.801383861371062244e-28 7.348380890443967802e-29 2.704042666600771606e-29 9.015119313197092521e-30 2.747177832687075499e-30 7.776490683800859362e-31 4.117123395787915008e-27 2.885201073820377253e-27 2.039887076348099563e-27 1.324986581169166339e-27 9.017260414059605227e-28 4.034421049561222507e-28 1.857669637857949329e-28 7.609381986833900725e-29 2.811557620527965595e-29 9.411786342177911494e-30 2.881277355422154910e-30 8.200781994401247151e-31
1.261448630234521285e-27 9.050112583961478830e-28 6.542085240483689696e-28 4.384373060314540355e-28 2.639385957764037529e-28 1.458584436041535070e-28 6.405743173344181601e-29 2.587325019135815942e-29 9.424732419807743519e-30 3.114611012168672738e-30 9.329387164900300253e-31 2.586713301609942583e-31 1.463333400234596655e-27 1.070309079536780116e-27 7.926252061278727643e-28 5.538656343276512278e-28 3.023964917522279214e-28 9.812286056009194978e-28 8.060357005763104591e-29 3.814034308120477797e-29 1.441551988825969900e-29 4.901119723165130964e-30 1.511291305967487400e-30 4.245100186782203132e-31 1.517187814386451474e-27 1.114607609229547120e-27 8.300607795893748026e-28 5.779342845054095889e-28 3.629513499938035396e-28 2.319065958206485039e-28 9.884917279360990533e-29 4.235856381076749034e-29 1.618216292367903453e-29 5.576467755197461189e-30 1.739360351248538136e-30 4.946220285330602879e-31 1.590970153171600504e-27 1.175479497434435795e-27 8.815121332562736751e-28 6.191373645515374130e-28 3.928670982122122010e-28 2.556561530057525717e-28 1.098908655051605000e-28 4.777332073491891706e-29 1.848433396358518112e-29 6.441447485759175779e-30 2.031333046739641085e-30 5.834934930754254834e-31 1.617228537073169653e-27 1.197113916293464825e-27 8.998072757580149379e-28 6.337668712873909870e-28 4.034823532037293818e-28 2.640326633120350833e-28 1.138340439145715234e-28 4.972031909640204585e-29 1.932116145500014244e-29 6.760021096562446086e-30 2.141228393124818350e-30 6.184221230039015131e-31
4.402175715251264120e-28 3.291202604591109670e-28 2.503480624173227920e-28 1.770486176250617464e-28 1.131090721145434796e-28 6.406986785300856364e-29 3.373990915904973959e-29 1.363280241518641491e-29 5.187009780772549459e-30 1.794713421842036040e-30 5.623161031527791854e-31 1.602575229028702114e-31 5.269743040341568428e-28 4.017942868722525571e-28 3.131207114893439223e-28 2.284162959989342697e-28 1.531697960815270269e-28 8.060357005763104591e-29 4.151921120716912044e-28 1.763785493746338882e-29 8.452342560371377536e-30 3.010976164972358999e-30 9.699329575784997974e-31 2.807237745745813159e-31 5.513472807322815802e-28 4.223739016845776273e-28 3.312717818245415445e-28 2.439801286212135976e-28 1.643055774358829190e-28 9.883653865591754408e-29 6.194073623636672394e-29 2.410615638664864676e-29 9.713289336063686846e-30 3.501967509639093137e-30 1.140551248617948423e-30 3.344147437577422579e-31 5.841250449914417131e-28 4.500931952869455020e-28 3.555459116534825901e-28 2.642992930876165190e-28 1.801161435715804014e-28 1.098809704663955380e-28 7.017923898883123420e-29 2.768081450064097738e-29 1.131977382842027382e-29 4.127984099985784273e-30 1.358453733241159212e-30 4.024299964629270653e-31 5.958500641778822842e-28 4.599876703865900068e-28 3.641994896912988496e-28 2.715404685349343519e-28 1.857558035184119892e-28 1.138307663044292033e-28 7.312477604290823670e-29 2.897632386690030944e-29 1.190801367436252970e-29 4.360656185480854628e-30 1.441049473917149193e-30 4.291949828566701658e-31
1.432754437660646704e-28 1.098306111596795007e-28 8.707304300857602572e-29 6.460346857719816653e-29 4.339147097390207047e-29 2.588964996986067768e-29 1.363858068946717148e-29 6.824527545415721258e-30 2.491819026592756428e-30 8.955334621427445640e-31 2.939663416164659361e-31 8.733192749095782938e-32 1.774034601904531665e-28 1.388058092483032380e-28 1.127673229310664558e-28 8.646803117650956902e-29 6.062290932379793972e-29 3.814034308120477797e-29 1.763785493746338882e-29 1.931000958288641544e-28 2.935390069856588968e-30 1.613408791520382519e-30 5.407324757113316746e-31 1.638195987218927602e-31 1.874960598882069139e-28 1.474327406369630086e-28 1.205001120015373556e-28 9.317372654190391439e-29 6.616610711520681365e-29 4.234226969233329706e-29 2.409857823508464891e-29 1.512627305572813921e-29 5.105812783515107632e-30 1.925562520962250126e-30 6.549654824140490857e-31 2.003326706621483166e-31 2.008840904269179504e-28 1.589271256207434198e-28 1.308297232519300820e-28 1.021237712768490268e-28 7.344246343734314565e-29 4.774533502655086792e-29 2.766955743049725004e-29 1.767180511808851645e-29 6.083031046459964516e-30 2.324629036250854671e-30 7.985210302948701061e-31 2.466937046324574327e-31 2.056845947313427528e-28 1.630527832345398703e-28 1.345383883370869192e-28 1.053354705073864304e-28 7.605519483799776759e-29 4.969191902102913385e-29 2.896553013384760814e-29 1.859922615328968457e-29 6.445121955020899394e-30 2.474841944526241262e-30 8.536504493988118709e-31 2.651038374448278764e-31
4.441287882946356682e-29 3.412161604081456381e-29 2.780863756523300479e-29 2.145212260617849230e-29 1.508755697162149629e-29 9.439431146761550559e-30 5.193591837495649300e-30 2.493758666785788663e-30 1.203406791535657698e-30 3.905961201918012521e-31 1.330810502363672933e-31 4.143974797535585002e-32 5.673640071190048861e-29 4.461830722622850326e-29 3.725446521688721860e-29 2.967611028923904591e-29 2.180290069293209887e-29 1.441551988825969900e-29 8.452342560371377536e-30 2.935390069856588968e-30 9.112969508146808991e-29 2.528322652867384627e-31 2.606403004030848116e-31 8.299148468986166967e-32 6.054065013798415715e-29 4.788912199062508986e-29 4.023317678192555753e-29 3.232781698881220553e-29 2.403843497835297764e-29 1.616439217872075117e-29 9.703488409848325385e-30 5.101977959076027181e-30 3.326194512743183415e-30 9.173209530215729780e-31 3.244230096365560864e-31 1.037436753610954533e-31 6.554756156563629408e-29 5.221879265524256272e-29 4.418791142062725529e-29 3.583854089941269418e-29 2.699224960831723852e-29 1.845224692801332619e-29 1.130155654759813792e-29 6.076233377741875520e-30 3.993700820247661290e-30 1.134987330796699392e-30 4.056059634651760483e-31 1.309021682321164219e-31 6.736422446522783384e-29 5.378794504983971395e-29 4.562253714061416545e-29 3.711326176790328706e-29 2.806437639780596414e-29 1.928566997387242208e-29 1.188713720873646649e-29 6.437414342672834209e-30 4.243280852525902669e-30 1.218250749888694580e-30 4.373873193122460660e-31 1.418675143016781072e-31
1.352746146849573109e-29 1.007602285499305618e-29 8.273954959527404680e-30 6.537226941197220059e-30 4.768589775760829837e-30 3.124197817963822414e-30 1.799489706860499488e-30 8.974221557437464833e-31 3.910609082108532762e-31 1.919667050202997598e-31 5.348867250768618207e-32 1.740032657420676236e-32 1.761432404401745699e-29 1.353543854172991258e-29 1.140799305247239495e-29 9.311635893386099539e-30 7.089256539974193419e-30 4.901119723165130964e-30 3.010976164972358999e-30 1.613408791520382519e-30 2.528322652867384627e-31 4.472046596748972509e-29 -5.045715534461619495e-32 3.661489168969182995e-32 1.895150956388089823e-29 1.467993839942359804e-29 1.245759608398605485e-29 1.025876367215999143e-29 7.909151115925533841e-30 5.561292080085073211e-30 3.493080303197870188e-30 1.921311581281462044e-30 9.159023304689733208e-31 6.848625154874000070e-31 1.386163452872803254e-31 4.613896470722952597e-32 2.066438902496368821e-29 1.615813480634378989e-29 1.382086607493206094e-29 1.149077814093265153e-29 8.972165689215168811e-30 6.412336460964639426e-30 4.110450548026534710e-30 2.315999441010426808e-30 1.132143925273992182e-30 8.330589652507716523e-31 1.773127931444067369e-31 5.948024848891934850e-32 2.129521841790574228e-29 1.670221593437862054e-29 1.432238947676571869e-29 1.194298044380937275e-29 9.362111868987396911e-30 6.725511445408332627e-30 4.339301689889536774e-30 2.464027858465008599e-30 1.214656122180991243e-30 8.902918134791196056e-31 1.927755575741123070e-31 6.500081747738300468e-32
4.271322170718723368e-30 2.946272767193062399e-30 2.366243511883127299e-30 1.867151584250468972e-30 1.383719637323801641e-30 9.379902347908155002e-31 5.649414750835605019e-31 2.950992270114905254e-31 1.334504946793307012e-31 5.355919001362748917e-32 2.846687038801898072e-32 6.697156020323092891e-33 5.543940822608700492e-30 4.002589601085040200e-30 3.321867536030732491e-30 2.718898462925160060e-30 2.109816365732725802e-30 1.511291305967487400e-30 9.699329575784997974e-31 5.407324757113316746e-31 2.606403004030848116e-31 -5.045715534461619495e-32 1.947423034219928426e-29 -3.348475272346123113e-32 5.975507933016282734e-30 4.365938398645458554e-30 3.653603626807843819e-30 3.021169707093381933e-30 2.375138237092995203e-30 1.729392478311940260e-30 1.134457510893555896e-30 6.517584371930859050e-31 3.230944950022914882e-31 1.382529872859000917e-31 1.302321376171779995e-31 1.791888657460950633e-32 6.517664780820386253e-30 4.827776307105382667e-30 4.079977905410195109e-30 3.410226800869029321e-30 2.717136568376893610e-30 2.010883305981423903e-30 1.345699346992365989e-30 7.916051361079586053e-31 4.026124598967072673e-31 1.764841461815114539e-31 1.572612404879876167e-31 2.343403368204767729e-32 6.720929915133887718e-30 5.000819482954763869e-30 4.239546582381401531e-30 3.555014048394240952e-30 2.843966164724711276e-30 2.115437740916769213e-30 1.424651535222356255e-30 8.445445672427037057e-31 4.332964993674901699e-31 1.916083516620003384e-31 1.679766714535153170e-31 2.577441486931911997e-32
1.479670206460156214e-30 9.096219489987803022e-31 6.902592269769406488e-31 5.251345919273555539e-31 3.819355335675441829e-31 2.608301462001531781e-31 1.613992993393272517e-31 8.784167185798763935e-32 4.162210081056364727e-32 1.744771293264010547e-32 6.703254207925459629e-33 3.939174061790766785e-33 1.855656834520608370e-30 1.209435588909947942e-30 9.575413925790613171e-31 7.627984345776123931e-31 5.856104582975268076e-31 4.245100186782203132e-31 2.807237745745813159e-31 1.638195987218927602e-31 8.299148468986166967e-32 3.661489168969182995e-32 -3.348475272346123113e-32 6.949670569838723825e-30 1.986160100336667177e-30 1.316206093182994654e-30 1.053813651334521191e-30 8.497548179431014205e-31 6.626766022657993933e-31 4.894661328756888065e-31 3.311996182313543422e-31 1.985610724651253974e-31 1.029318786684012759e-31 4.585789871896119094e-32 1.786031910838810254e-32 2.159315296336163507e-32 2.146846361116855180e-30 1.449257841374143807e-30 1.175655109155643959e-30 9.608467624242660074e-31 7.611744553515159035e-31 5.722321730084793111e-31 3.952753858285672993e-31 2.426407575912169418e-31 1.289595942761397194e-31 5.876140538587208677e-32 2.327538707259791765e-32 2.551250826673412516e-32 2.208095449322780337e-30 1.499961137739006667e-30 1.222006022413938522e-30 1.002769653398098194e-30 7.981386729362093215e-31 6.032818200683753413e-31 4.194299090307438110e-31 2.594532647196884758e-31 1.390792207999640523e-31 6.391964467883166596e-32 2.551845372865070913e-32 2.715289353672344624e-32
9.115634845169994431e-26 3.861689807001220355e-26 1.865020243798886146e-26 8.435859482552318687e-27 3.450349647446703975e-27 1.301746465457169572e-27 4.570808596812696662e-28 1.496481789207369658e-28 4.660484288784818624e-29 1.420979123986004629e-29 4.465178030557163058e-30 1.531404317969813532e-30 1.228104153364499521e-25 3.941161841450330691e-26 2.027626728410843481e-26 9.317103459646730738e-27 3.907477748386354972e-27 1.517187814386451474e-27 5.513472807322815802e-28 1.874960598882069139e-28 6.054065013798415715e-29 1.895150956388089823e-29 5.975507933016282734e-30 1.986160100336667177e-30 2.277109946417724144e-25 3.233291194913635301e-26 2.089237172859918455e-26 9.525343976446987610e-27 4.032329037893940287e-27 1.575212856744175944e-27 5.779732377424637137e-28 1.990319816944647656e-28 6.517874499331542022e-29 2.068211393429427336e-29 6.583623807715917974e-30 2.188259003720401136e-30 1.634442276162450585e-25 3.830553250097715367e-26 2.127994427481561440e-26 9.845729957959362172e-27 4.191184469193133038e-27 1.654578348632816052e-27 6.143216685124060358e-28 2.142878716543927707e-28 7.116557292191466974e-29 2.286846257147510937e-29 7.337902236278068131e-30 2.437160435344994419e-30 1.711471186123822208e-25 3.813630256046834634e-26 2.148689529604747355e-26 9.958548913717715107e-27 4.249489354240222848e-27 1.682812114217329615e-27 6.270829708745208750e-28 2.198275316272164075e-28 7.333972478469421033e-29 2.368875458282307009e-29 7.633490284407511311e-30 2.543801390900713940e-30
3.861712098748141349e-26 2.182054610504016832e-26 1.098294419730291435e-26 5.373041252815657052e-27 2.357659963971227069e-27 9.377444143720174849e-28 3.431491904947236238e-28 1.152323443803802009e-28 3.599901639116471640e-29 1.066335773407427675e-29 3.112140779348420180e-30 9.525552970667020884e-31 3.941074036214674359e-26 2.908749440570155562e-26 1.181128536765271778e-26 6.049403447460446184e-27 2.718790840470747334e-27 1.114607609229547120e-27 4.223739016845776273e-28 1.474327406369630086e-28 4.788912199062508986e-29 1.467993839942359804e-29 4.365938398645458554e-30 1.316206093182994654e-30 3.233291194913635301e-26 5.952725252250000683e-26 1.032801187517423326e-26 6.294527173433229692e-27 2.815610994824199580e-27 1.162865006908633660e-27 4.450002974755344561e-28 1.573477624102103620e-28 5.188844965353153029e-29 1.614999385863191030e-29 4.870875875393117852e-30 1.478021103201186958e-30 3.833637357611847286e-26 3.830285006246738882e-26 1.205274433454185556e-26 6.471594319367844395e-27 2.944271636129404887e-27 1.228541302335747514e-27 4.758327649758920905e-28 1.705195677049521200e-28 5.705671316748506296e-29 1.802811871258594367e-29 5.504503069976521404e-30 1.679155545054174487e-30 3.818881174656046903e-26 4.001917587656366510e-26 1.211421838944467489e-26 6.559448036850802149e-27 2.990641903140865983e-27 1.251869668579398159e-27 4.867693845713368210e-28 1.752538710568706907e-28 5.894514019953946987e-29 1.872882191458326850e-29 5.751117545422278911e-30 1.764080653448046236e-30
