# Created by Tilman Tröster (tilman@troester.space) on 2021-07-29 16:39:12 using assemble_joint_data_and_covariance_files.py
# Covariance of Cl_TE (tomographic bins (0, 0), (1, 0), (2, 0), (3, 0), (4, 0))
# Data path: ../results/measurements/shear_KiDS1000_545GHz_CIB/cov/
1.305291818916181751e-17 -1.051712408054987555e-19 -5.340874982623933865e-21 -2.177462461428196918e-22 1.173766926175843536e-22 -4.137882027203182441e-24 -8.763466927509163767e-24 -9.316601209202771611e-24 1.905850597952780791e-24 -3.235544659000931849e-25 4.377989728560885077e-27 1.148993791390136151e-26 8.316874907097519137e-19 -4.407152841917488188e-21 -1.324392428258201520e-22 2.850240549519407796e-23 1.296274277120121790e-23 2.352783907201878200e-24 -8.317041368064835901e-25 -6.734636134772893789e-25 1.682956076430574759e-25 -3.817729871350094576e-26 -5.065674841193429239e-27 2.985973129723573534e-27 9.916264037383705387e-19 -9.278485687993361370e-21 -3.007233682445657243e-22 3.382051998766354429e-25 5.911552084091455850e-24 1.587994038349915619e-24 -9.185214303340816456e-25 -7.162524121049440023e-25 2.336570608822781232e-25 -1.259140594114349795e-26 -9.608813575999015150e-27 7.124100692014161423e-28 1.246158423313182231e-18 -9.118328311109447687e-21 -5.824293401552071329e-22 -1.051097297359025857e-22 -2.443516985967191792e-23 -1.094729906281939459e-23 -4.310179979651982531e-24 -1.988209752614073279e-24 1.262340619541856501e-25 -3.142543637869292659e-26 -1.629871839903999906e-26 2.716696478514292291e-27 1.382322324825109957e-18 -8.509997191503438149e-21 -8.002231177269116071e-22 -1.920857233874735814e-22 -5.695196538686132359e-23 -2.665852108594783473e-23 -8.774357105582669392e-24 -2.930924034895039779e-24 -1.462692156001310446e-25 -6.751789137418576358e-26 -2.480456546838593674e-26 -1.448305748644677890e-27
-1.051712408054987555e-19 7.354428462394673133e-18 -4.458554417168746034e-20 -1.237626933680279187e-21 2.224644810906272781e-22 -2.568496150260488306e-24 -1.392508338318230133e-23 -7.359876621537364745e-24 1.592107249843092650e-24 -2.083528365413986057e-25 -2.321259906276833654e-26 1.261979938957062696e-26 -4.395435665781303212e-21 3.350763540211750559e-19 -1.726969064456021007e-21 -4.057693742587178201e-23 7.088599223634110746e-24 -1.217709947177226992e-24 -1.520054802633246438e-24 -2.570812953114061108e-25 4.644904311637488478e-26 -1.339676099280398624e-27 -7.221341875415718782e-27 1.808692540185421381e-27 -9.306957538805218513e-21 4.132652107357620379e-19 -2.135297776252887588e-21 -3.050228872641926760e-23 6.318736717485310615e-24 6.980004120900689480e-25 -1.154695318459730603e-24 -1.928848321361074300e-25 1.466375382192807504e-25 8.141589460760293120e-27 -1.335904512945090426e-26 1.349553136912060237e-27 -9.177651739273607064e-21 4.976934630967471709e-19 -2.644245669624234857e-21 -5.872314265769611826e-23 7.313295099245484406e-24 -2.626028121701806968e-24 -1.112845966879424176e-24 -5.177797924253816198e-25 9.184294548815836319e-26 2.705080429451542820e-26 -1.715956276432087984e-26 1.983766343377199626e-27 -8.571998930689320892e-21 5.373599356138968778e-19 -2.928305662425561466e-21 -5.818591859498381863e-23 1.269363807360066950e-23 -7.643829446004759926e-24 -9.451700988762676992e-25 -7.501182575173276118e-25 6.826681146204235045e-26 3.030277642846772486e-26 -1.102255727774933882e-26 -1.959540732299359745e-27
-5.340874982623933865e-21 -4.458554417168746034e-20 3.412620199311037626e-18 -1.561637090349937642e-20 1.194034956323808569e-22 1.875055849418740515e-23 -2.262075573127098210e-23 -6.002479809154195835e-24 1.296604991303078842e-24 -2.374058239038658091e-25 9.244943987230341108e-27 4.860776313658456590e-27 -1.336953598444273681e-22 -1.722604180195508624e-21 1.099249738181302021e-19 -4.981187740008554121e-22 -4.915181868296904967e-25 2.051728179344197728e-25 -1.902047973654313567e-24 -2.450595808442316547e-25 -7.509830555662560156e-27 -4.608111262112302689e-27 -5.121050232159296305e-27 2.510565384690035859e-27 -3.534319698236466381e-22 -2.189018088033571665e-21 1.363450376098770924e-19 -4.941504345087131612e-22 5.712034634675380447e-24 9.737972641598985145e-25 -7.538454414949613306e-25 -9.605735137107047065e-26 7.821138637430571752e-26 1.006471792847992612e-26 -8.696699192080094280e-27 1.606606941650832505e-27 -6.317788022507334530e-22 -2.701502883045688867e-21 1.638480714070672940e-19 -5.349036180901561847e-22 1.260102165914635722e-23 1.273608707307171345e-24 2.954144350073718440e-25 -1.780650292442588830e-25 1.005981754357060573e-25 2.049941952060125115e-26 -7.013242996977727944e-27 1.248841452320748220e-27 -8.871877776547839192e-22 -3.000449545576874136e-21 1.771390029019267300e-19 -5.014535042750904708e-22 2.876983650414987116e-23 2.511267604705438426e-24 1.513853675592995567e-24 -2.455010180131847409e-25 1.915277351175305560e-25 3.614496311493844701e-26 -7.478542245684585325e-28 -1.209412390339618901e-27
-2.177462461428196918e-22 -1.237626933680279187e-21 -1.561637090349937642e-20 1.335246044671076186e-18 -4.296897728367661086e-21 5.826835719922145085e-23 -3.248259120599190369e-23 -7.823896073924141198e-24 1.487068604868120793e-24 -4.399528932552273616e-25 5.618983286320025324e-26 2.636400558117698505e-26 1.830742092292779845e-23 -5.135923223028557873e-23 -4.985216582823782706e-22 3.052516481152553036e-20 -1.019463899853595007e-22 4.803772866571960074e-26 -1.487255918374620924e-24 -2.131927286170573370e-25 2.864862981371686690e-26 -1.727512130075169611e-26 -1.280821644755460893e-27 1.223405881167717045e-27 -1.352938923577416899e-23 -6.312339227351703588e-23 -5.234425505853471048e-22 3.778055645262128079e-20 -9.142425941683879972e-23 1.407476957521010348e-24 -5.570056689894069990e-25 -5.096032365506768950e-26 6.893372628042997837e-26 -1.068252810118399611e-26 -3.226343285126337848e-27 1.469183334615048828e-27 -1.058105861026787072e-22 -8.318697157427153371e-23 -5.634562101823215828e-22 4.532912542564501280e-20 -8.737331485777945269e-23 3.146748549666543258e-24 7.501502393543119430e-26 2.513013242367879415e-27 1.164388619852692561e-25 -9.448976002461656693e-27 2.361674626355369239e-27 1.172563463103011895e-27 -2.162925571403693625e-22 -1.134543863992247536e-22 -5.496415556446137508e-22 4.916564490229362113e-20 -6.177988408809391103e-23 7.641108720972185421e-24 1.133638422360074517e-24 -4.620143787369645224e-26 2.332638922375954463e-25 -2.129815930396593305e-28 8.011536954416576851e-27 -6.690949669227511133e-28
1.173766926175843536e-22 2.224644810906272781e-22 1.194034956323808569e-22 -4.296897728367661086e-21 4.761479493199298355e-19 -1.041822800059354564e-21 -2.507058257209864706e-23 -1.354630457754434174e-23 1.090940970714177777e-24 -5.242382077427413855e-25 3.695335219420544927e-26 3.609392975984993511e-26 1.493096329391145883e-23 7.122059366383177759e-24 -2.673666221839171613e-24 -1.033084003211100529e-22 7.733175798616517679e-21 -1.778381745364576570e-23 -7.505232684733561776e-25 -2.816434615218835647e-25 1.877188282346549434e-26 -1.324557279574135066e-26 3.263333990443373051e-28 3.453980043980014997e-28 1.103135974088886525e-23 1.656258854643465172e-23 7.899271352247973021e-24 -9.795560840497653207e-23 9.506654007933978528e-21 -1.547989526895355205e-23 -2.615689599095601430e-25 -1.712443493635312264e-25 5.071086745130404553e-26 -9.316554374230137269e-27 -1.787711661267687061e-27 1.086910903504448171e-27 -2.661615941541524677e-23 1.390075363939948126e-23 1.577857159884744517e-23 -9.265256696551896945e-23 1.133961717799797204e-20 -1.427706434224176137e-23 8.163026823704716428e-26 -7.064950735438408718e-26 5.615605695576621047e-26 -8.669645480561365296e-27 2.141711877106544667e-27 1.588545554637871567e-27 -6.730104748175714972e-23 8.361803509197564544e-24 2.109496882976512165e-23 -7.510779031040752490e-23 1.229298021723808691e-20 -7.086939350555097421e-24 9.006825220075515083e-25 -6.546464616253851446e-27 1.504348880185144223e-25 -4.414108789101991682e-27 5.472340254782378937e-27 4.510979120862637287e-29
-4.137882027203182441e-24 -2.568496150260488306e-24 1.875055849418740515e-23 5.826835719922145085e-23 -1.041822800059354564e-21 1.550764861179415805e-19 -2.542976582157288555e-22 -1.685577588123646013e-23 -1.046638565263106028e-25 -6.268667313538176134e-25 6.785619999905047092e-26 3.861952226888521987e-26 5.577033247417690924e-25 -1.224855794778901352e-24 -1.412485704138166091e-24 -3.646704469628968910e-25 -1.819471106964757540e-23 1.787397347472171206e-21 -2.994080192002003458e-24 -2.405735210341307510e-25 9.244040100039116657e-27 -1.328357947424517062e-26 2.648509361759257550e-27 -1.073787048813387090e-28 -1.595458465283281306e-25 5.212368754780226043e-25 2.404237977764978485e-24 3.686169544562671178e-24 -1.631307500293548204e-23 2.183424312267616738e-21 -2.754612779085729246e-24 -1.437194928032879167e-25 2.744250270905163844e-26 -1.066918006957621731e-26 7.259145661484322087e-28 6.162452379318311969e-28 -1.089309896832199108e-23 6.746987346138831122e-26 4.930564100595810402e-24 6.942828411571591020e-24 -1.432702365311733448e-23 2.590261614517918759e-21 -2.716680978715901910e-24 -8.835693010862107462e-26 2.586797562141625782e-26 -1.306178831905968135e-26 2.551644877463239208e-27 1.007708191316583586e-27 -2.332817907477017368e-23 -8.760221448121839334e-25 7.745089020440086860e-24 1.047882705517060385e-23 -9.589917891188150057e-24 2.802540000274186122e-21 -1.394154846909967199e-24 6.578244612160811218e-27 7.878469114030869184e-26 -8.365228223961069461e-27 3.340369560542377827e-27 2.564158999866860767e-28
-8.763466927509163767e-24 -1.392508338318230133e-23 -2.262075573127098210e-23 -3.248259120599190369e-23 -2.507058257209864706e-23 -2.542976582157288555e-22 4.342371187271480187e-20 -5.832710524261273451e-23 -2.575588625831080734e-24 -3.477812136709152627e-25 9.513994343448589472e-27 4.121196793563287419e-26 -5.314890880222209331e-26 -8.428310364541915252e-25 -9.772395719719747839e-25 -1.122647751280103448e-24 -6.613886494178880612e-25 -3.064005900551011036e-24 3.503493879430759012e-22 -4.609355466788918387e-25 -1.875807061224778170e-26 -5.489069015844628142e-27 1.029482292498382765e-27 6.307172254922136546e-29 1.925664226000214158e-25 -9.158149909112992293e-26 -2.896149518008806344e-25 -5.078167504475685301e-25 -7.622804481206635395e-27 -2.776970608908885406e-24 4.272338038516508644e-22 -4.463032263883841837e-25 -7.300023320138671838e-27 -3.441432922907535211e-27 -7.126998282398335341e-29 4.997717569167237987e-28 -3.137994439631803011e-24 -4.860692667155005767e-25 7.869206262426189739e-26 -5.536373104572199324e-26 4.590271566995371922e-25 -2.575754266387610719e-24 5.058707595479430045e-22 -4.794051156534302733e-25 -3.418911054748074911e-27 -3.693531170781714202e-27 6.805334583730224457e-28 5.317540201536780507e-28 -7.195381337797918881e-24 -1.087756086395224286e-24 6.725569256757226498e-25 8.644475949377638266e-25 1.363521679574069714e-24 -1.671110596797660607e-24 5.462332565240881393e-22 -2.946295026375092555e-25 1.774337222943591269e-26 1.281656164850606692e-27 9.890904280700325021e-28 4.551412441092383770e-28
-9.316601209202771611e-24 -7.359876621537364745e-24 -6.002479809154195835e-24 -7.823896073924141198e-24 -1.354630457754434174e-23 -1.685577588123646013e-23 -5.832710524261273451e-23 1.053607980287534173e-20 -1.156503075105698204e-23 -3.847868659501918343e-25 -3.848251375344668658e-26 3.945911253657292505e-26 -8.519324230908501979e-25 -5.006617665997468539e-25 -3.807752412621471620e-25 -3.253856252745194497e-25 -3.207381760499125694e-25 -2.376313544683187056e-25 -4.727839884443511764e-25 5.761408882553357338e-23 -6.017910142137679682e-26 -1.914009903855932216e-27 -4.583587463977226413e-29 1.538268522848453789e-28 -9.248659068213770600e-25 -3.952608429275588340e-25 -2.200488923704506864e-25 -1.943160745176110635e-25 -2.306341961952134359e-25 -1.784865366465346259e-25 -4.484583100099103411e-25 7.051222141841889965e-23 -6.102472262413553262e-26 -1.038615464948843841e-27 -4.530914271332459356e-28 3.320594734023174932e-28 -2.035369537726257847e-24 -5.722248308112521501e-25 -1.531088231638740181e-25 -1.166678726720284537e-25 -2.113985923478597244e-25 -1.613530647596795169e-25 -4.478211836552138136e-25 8.366836771060971758e-23 -6.873004896730283934e-26 -1.924016876187902899e-27 -1.963853121464174001e-28 4.040433858287870130e-28 -3.306016540496481625e-24 -7.345508769932530834e-25 4.862022883339080234e-26 1.481170881702782494e-25 -1.154990837822965952e-26 -1.408339191716156652e-26 -3.230716108365435277e-25 9.031892628918376217e-23 -4.719290668875238003e-26 1.175775956562408237e-27 4.897240472813840289e-29 3.790279626310413572e-28
1.905850597952780791e-24 1.592107249843092650e-24 1.296604991303078842e-24 1.487068604868120793e-24 1.090940970714177777e-24 -1.046638565263106028e-25 -2.575588625831080734e-24 -1.156503075105698204e-23 1.928384356846733437e-21 -1.731099043478307018e-24 -3.396523724412197623e-26 2.519593856438216572e-26 1.831219426151880597e-25 5.640120007631458532e-26 1.401030709254605774e-26 4.288585733140273493e-26 3.379102318833369943e-26 3.355953112735953229e-27 -2.163188273733271783e-26 -6.180849191093563132e-26 6.882731729459325308e-24 -5.704219519983985475e-27 -1.327792953997111192e-28 8.673695691888621405e-29 2.447451507583646780e-25 1.086726728318620222e-25 5.752697666879917144e-26 9.446800444863907398e-26 7.265589789560954183e-26 2.435663161643615958e-26 -1.399393658869502094e-26 -6.289793770881608773e-26 8.492351346437530353e-24 -6.093176199592055431e-27 -1.742814604380478794e-28 1.171659081510355257e-28 1.507359310362102856e-25 1.260583914813520281e-25 1.017150916949227778e-25 1.455287143071146310e-25 1.173439031454468203e-25 5.169524196967913414e-26 -7.024089133138264905e-27 -6.618758728523215005e-26 1.013768987021740341e-23 -7.361405707909449017e-27 -1.783298422646612160e-28 1.667762304509687700e-28 -3.967186852525458950e-26 1.089928535479274811e-25 1.386506829691987696e-25 1.920138281094081295e-25 1.545815580853149393e-25 7.563125830689834512e-26 9.123543015567443324e-27 -5.325265455603954662e-26 1.096725326456337920e-23 -5.199835445130467025e-27 5.811151725362616890e-29 1.779566913996223294e-28
-3.235544659000931849e-25 -2.083528365413986057e-25 -2.374058239038658091e-25 -4.399528932552273616e-25 -5.242382077427413855e-25 -6.268667313538176134e-25 -3.477812136709152627e-25 -3.847868659501918343e-25 -1.731099043478307018e-24 2.262528004448983924e-22 -1.581723202657758301e-25 4.409288171525485077e-27 -2.535267028398634513e-26 -4.430250207877882535e-27 -2.039733542237368089e-26 -2.636375705942422151e-26 -1.840774239577578128e-26 -1.324995525827525556e-26 -4.385513452099854851e-27 -1.777238794473493090e-27 -5.913038597354767592e-27 5.051356092865248581e-25 -3.213945561801301924e-28 1.090528325180869554e-29 -2.160141360496959219e-26 4.129311126811931388e-27 -1.655696041764682476e-26 -2.580159800106703587e-26 -1.787407637013835583e-26 -1.349783090430745787e-26 -4.190393151363612133e-27 -1.333423476652304946e-27 -6.355256350211234852e-27 6.301348120313114519e-25 -3.594037372453092973e-28 9.413587588474339481e-30 -5.262410193458295580e-26 2.349831386508507700e-27 -1.686216582256523823e-26 -2.726983817086029668e-26 -1.897759538599355754e-26 -1.451888554786672880e-26 -3.786532664683904261e-27 -3.381556768312023997e-28 -6.906279860091265820e-27 7.583766478506949915e-25 -4.516368018753112638e-28 1.719105884598163928e-29 -9.773428648522120753e-26 -3.139878513634151061e-27 -1.271858266552633367e-26 -2.224500192288168967e-26 -1.431821264539861001e-26 -1.127152759367408304e-26 -1.668539752449775970e-27 8.935452307002570786e-28 -5.860777519409498247e-27 8.251071106732965970e-25 -2.889902187424022288e-28 2.505565367591767506e-29
4.377989728560885077e-27 -2.321259906276833654e-26 9.244943987230341108e-27 5.618983286320025324e-26 3.695335219420544927e-26 6.785619999905047092e-26 9.513994343448589472e-27 -3.848251375344668658e-26 -3.396523724412197623e-26 -1.581723202657758301e-25 1.676687682495763304e-23 -9.050143733523087101e-27 9.348870250498836855e-28 -6.686901682375837853e-27 -3.364756186154170977e-27 -1.341670563822980888e-28 1.290055247803263782e-27 2.263201209859849145e-27 8.305532263327718614e-28 -1.103084791094232011e-28 -7.184711317830667091e-29 -3.221623990964125707e-28 2.205456894830484468e-26 -1.002614869125994373e-29 3.223168880923316310e-27 -6.374346267464441004e-27 -2.425109605240190805e-27 1.092103944510345792e-27 2.477642499228581409e-27 3.398148130412806843e-27 1.427837698383338494e-27 8.894212446889404841e-29 -9.904003534878266135e-30 -3.540085436602085370e-28 2.785220711797620882e-26 -1.202552794076742898e-29 3.632888320515314530e-28 -7.959734923210350580e-27 -2.428961710531403952e-27 1.683721380625795287e-27 3.141451812921133442e-27 4.128918971529961339e-27 1.744541264155928052e-27 9.415213996273178242e-29 6.643424252758207652e-31 -4.014228345380008388e-28 3.380670613886734976e-26 -1.676859355019272555e-29 -6.958862214898215289e-27 -9.655863896333045900e-27 -1.576150116613637400e-27 3.234217286645486091e-27 4.631909794477793373e-27 5.414667263464428210e-27 2.446119174797177940e-27 3.751578255282919526e-28 1.294409224812775986e-28 -3.224806203599499698e-28 3.711097860538866500e-26 -1.036743987168993466e-29
1.148993791390136151e-26 1.261979938957062696e-26 4.860776313658456590e-27 2.636400558117698505e-26 3.609392975984993511e-26 3.861952226888521987e-26 4.121196793563287419e-26 3.945911253657292505e-26 2.519593856438216572e-26 4.409288171525485077e-27 -9.050143733523087101e-27 1.527038612210484871e-24 -3.593020616331531887e-28 -6.010417227642255111e-28 3.650094800027682700e-28 1.276887093621491552e-27 8.391707057025483622e-28 5.592868627109816569e-28 4.300463135829354304e-28 3.036548933442989821e-28 1.335019649331489245e-28 1.904954136922902941e-29 -9.398911485834751355e-30 1.060111221878184900e-27 -2.668399735051115459e-28 -6.269815553490508554e-28 5.421618054315756233e-28 1.635857338885205097e-27 1.041190244864644830e-27 6.625901408023951872e-28 5.012779424370423374e-28 3.601464861477751834e-28 1.625499853400457975e-28 2.533921362385603617e-29 -1.072985517794094616e-29 1.353653000489684192e-27 -4.037232073571033195e-28 -7.282326097762997689e-28 6.994422712946189030e-28 1.988091084124612976e-27 1.223655379228941771e-27 7.536635760348395810e-28 5.803630736201554408e-28 4.179699502682643705e-28 1.864502886395254513e-28 2.714924755026179466e-29 -1.408849500364053960e-29 1.658054436475277015e-27 -1.206994589948304414e-27 -8.749870024872826964e-28 8.792243783978851054e-28 2.333019311233107160e-27 1.493216302483846032e-27 9.385256440498481577e-28 6.935115085124986658e-28 4.883669016302895126e-28 2.193495510910752056e-28 3.721448943908844623e-29 -1.055714793134004599e-29 1.823436274805619817e-27
8.316874907097519137e-19 -4.395435665781303212e-21 -1.336953598444273681e-22 1.830742092292779845e-23 1.493096329391145883e-23 5.577033247417690924e-25 -5.314890880222209331e-26 -8.519324230908501979e-25 1.831219426151880597e-25 -2.535267028398634513e-26 9.348870250498836855e-28 -3.593020616331531887e-28 7.527879506665521638e-18 -5.893845423681425830e-20 -2.834219844627260018e-21 4.138179535578654690e-24 6.966926726548700456e-23 4.697263913645184273e-24 -4.187964269051461430e-24 -3.547163512516925238e-24 7.462642791981858718e-25 -1.450875187588317966e-25 2.682090933862464217e-27 5.717802969813749514e-27 2.055058131151020590e-18 -1.584739610516059832e-20 -7.021662094019283327e-22 -6.690954624782608126e-23 -4.057339675921611915e-24 -4.020188257201467806e-24 -2.862235158867713852e-24 -1.780056578326530311e-24 4.820262955310808342e-25 -2.078527587117713050e-26 -1.787675573353767690e-26 1.875316648566130018e-27 2.591828629874792579e-18 -1.734864852714132792e-20 -6.752273706139924242e-22 -3.176473451273485681e-23 2.663746157331332611e-23 -3.953451818273600775e-24 -2.519691342203473385e-24 -2.654967938464675778e-24 5.643313380725716614e-25 -1.791387587401450435e-26 -2.683338039960067470e-26 5.884315181575595624e-27 2.836964821095414886e-18 -1.734390703790494878e-20 -5.408594671847657288e-22 3.147736091905548700e-23 5.110035573828445434e-23 -8.270758746037476561e-24 -3.155770393138674759e-24 -2.357193451149707123e-24 4.133341993224211774e-25 -1.947926347476140891e-26 -3.120054810144111253e-26 -1.615401510393275181e-27
-4.407152841917488188e-21 3.350763540211750559e-19 -1.722604180195508624e-21 -5.135923223028557873e-23 7.122059366383177759e-24 -1.224855794778901352e-24 -8.428310364541915252e-25 -5.006617665997468539e-25 5.640120007631458532e-26 -4.430250207877882535e-27 -6.686901682375837853e-27 -6.010417227642255111e-28 -5.893845423681425830e-20 4.041048349662468335e-18 -2.356170850226328028e-20 -5.310994814216317622e-22 1.260718176146303802e-22 2.734072854007100872e-25 -8.030218374463963639e-24 -2.567406415303296398e-24 5.461785974422176543e-25 -3.214487328522771432e-26 -2.566974760445721451e-26 8.784120226478676012e-27 -1.594339328765497264e-20 8.327397178799374786e-19 -4.684993057753598986e-21 -1.191167084900011584e-22 6.804180359879266508e-27 -4.097105931249897061e-24 -3.408574251490037883e-24 -8.337683184555938344e-25 2.424042243184331138e-25 7.196616702961390817e-27 -2.861575089601750071e-26 2.607096402812018278e-27 -1.750375211848562603e-20 1.047892817184400663e-18 -6.071023755992254804e-21 -1.831041084781841669e-22 3.156960541743363832e-24 -1.114663857000775880e-23 -3.422413573089949518e-24 -1.501845004221798756e-24 1.417493129390407244e-25 4.875428160497934415e-26 -3.726299697689070773e-26 4.025720825228870514e-27 -1.749669817657883731e-20 1.145443277186126227e-18 -6.880636803467861777e-21 -1.884824486197880715e-22 7.204836980298472187e-24 -2.245238866410660164e-23 -3.212921064652050722e-24 -1.952963212563521981e-24 8.495700079122126102e-26 5.590720946187412857e-26 -2.468428106824992805e-26 -4.320531669345100506e-27
-1.324392428258201520e-22 -1.726969064456021007e-21 1.099249738181302021e-19 -4.985216582823782706e-22 -2.673666221839171613e-24 -1.412485704138166091e-24 -9.772395719719747839e-25 -3.807752412621471620e-25 1.401030709254605774e-26 -2.039733542237368089e-26 -3.364756186154170977e-27 3.650094800027682700e-28 -2.834219844627260018e-21 -2.356170850226328028e-20 1.802484152675658067e-18 -7.987327855044352707e-21 7.919453920389776163e-23 7.975314305453861802e-24 -1.139793387690853569e-23 -2.980167152188488125e-24 5.933647491524471316e-25 -5.331753098638750180e-26 -2.074405759852895634e-26 8.183018933809367530e-27 -8.146406228795099552e-22 -4.807574721897289931e-21 2.704885176953118784e-19 -1.153330227508693531e-21 -5.253779810400497198e-24 -4.623527569009360964e-24 -2.457067433367501384e-24 -6.265673593739559775e-25 8.456558160664597220e-26 3.892749179949595387e-27 -1.978804024194424177e-26 2.903253172180601616e-27 -7.759741918735028898e-22 -6.210025176281178661e-21 3.379379327881016654e-19 -1.583393544358586898e-21 -1.954269111431408136e-23 -1.188584909451635498e-23 -2.110538809402895658e-24 -1.181607792199285969e-24 5.242436471408140659e-26 1.729373597226752581e-26 -1.778561313964038441e-26 2.296137052541308380e-27 -7.148455278179595883e-22 -7.056865029403124048e-21 3.680365053837771940e-19 -1.866219442774789540e-21 -2.511600718049525358e-23 -1.982324463484909631e-23 -2.309212276649281965e-24 -1.991021714650990455e-24 1.074179276008511920e-25 2.678799236044832977e-26 -8.811817875764985704e-27 -3.134906112467219548e-27
2.850240549519407796e-23 -4.057693742587178201e-23 -4.981187740008554121e-22 3.052516481152553036e-20 -1.033084003211100529e-22 -3.646704469628968910e-25 -1.122647751280103448e-24 -3.253856252745194497e-25 4.288585733140273493e-26 -2.636375705942422151e-26 -1.341670563822980888e-28 1.276887093621491552e-27 4.138179535578654690e-24 -5.310994814216317622e-22 -7.987327855044352707e-21 6.849245620953862497e-19 -2.144768412002100685e-21 2.731838905444968241e-23 -1.608906912656849635e-23 -4.366232671935911871e-24 8.540451825369756065e-25 -1.148112452009382816e-25 -6.716939300040886668e-27 4.175584101440700674e-27 -7.159083647501817669e-23 -1.588616934655591178e-22 -1.211670391276442329e-21 7.353735008009337531e-20 -2.232090279647930647e-22 -2.404649944655239275e-24 -2.269127789794198268e-24 -4.565383112743711692e-25 6.893253360742707511e-26 -3.485827631793471908e-26 -8.279510297290789046e-27 2.636738734733829921e-27 -1.894227068618323390e-24 -2.014100910817717901e-22 -1.642592090793573111e-21 9.115134003523000610e-20 -3.097587667582349574e-22 -7.062922450530841057e-24 -2.784634387549256551e-24 -7.358058128893409959e-25 8.595181849023996333e-26 -4.256161433522018426e-26 1.985542912928370071e-27 2.153593202626382190e-27 1.484076929136364866e-23 -2.720945259067950568e-22 -1.968086988522532798e-21 9.899691376574506093e-20 -3.683530949925884866e-22 -1.049480512186940741e-23 -3.640583782381150087e-24 -1.513832618307168985e-24 1.839471106062745668e-25 -4.674073145287728973e-26 9.471830723054650607e-27 -1.931024870501202231e-27
1.296274277120121790e-23 7.088599223634110746e-24 -4.915181868296904967e-25 -1.019463899853595007e-22 7.733175798616517679e-21 -1.819471106964757540e-23 -6.613886494178880612e-25 -3.207381760499125694e-25 3.379102318833369943e-26 -1.840774239577578128e-26 1.290055247803263782e-27 8.391707057025483622e-28 6.966926726548700456e-23 1.260718176146303802e-22 7.919453920389776163e-23 -2.144768412002100685e-21 2.392008525198562569e-19 -5.115501709922982596e-22 -1.378996646831943231e-23 -6.776121156459517782e-24 7.305627842933313013e-25 -1.247505337284208527e-25 -1.041809173749480510e-26 8.037316142241586005e-27 1.882739632510551269e-24 2.077713279373689687e-23 4.611954427331772244e-24 -2.327525254733006965e-22 1.823018283525646037e-20 -3.915563352346257939e-23 -1.524692376042113092e-24 -5.524144957461563681e-25 5.164376372136605046e-26 -2.806746885958645549e-26 -4.718170860652623710e-27 1.973643205219305840e-27 1.573406809031542501e-23 1.703747713256793033e-23 -6.009173807945659772e-24 -3.163739227205365726e-22 2.240211440724824398e-20 -5.314047020399436456e-23 -2.264101250649604843e-24 -6.309900976762106855e-25 4.939120802384107138e-27 -3.468734382017759569e-26 2.478358487766410004e-27 3.044810586411932737e-27 2.220279440476424699e-23 -2.398441655983471023e-24 -3.362206650571150588e-23 -3.910354685686520835e-22 2.426352164315666909e-20 -6.176289876451418265e-23 -3.227981214115082709e-24 -1.010865852773319305e-24 8.845319204460233093e-26 -4.242617719360792423e-26 6.148866877972189499e-27 -2.852834088403515699e-28
2.352783907201878200e-24 -1.217709947177226992e-24 2.051728179344197728e-25 4.803772866571960074e-26 -1.778381745364576570e-23 1.787397347472171206e-21 -3.064005900551011036e-24 -2.376313544683187056e-25 3.355953112735953229e-27 -1.324995525827525556e-26 2.263201209859849145e-27 5.592868627109816569e-28 4.697263913645184273e-24 2.734072854007100872e-25 7.975314305453861802e-24 2.731838905444968241e-23 -5.115501709922982596e-22 7.679187139594646382e-20 -1.250708631939369536e-22 -8.446590001603103590e-24 2.648043184390490840e-25 -1.359646655794886986e-25 -3.526822035063631447e-27 1.728204504000009816e-26 -3.224809066050465479e-24 -4.471808588287378282e-24 2.225849572943573101e-24 3.054601944685486078e-24 -3.978360219510283564e-23 4.178794423183644976e-21 -6.782490330609993397e-24 -4.274748102616205436e-25 1.621047062492811022e-26 -2.665316626207371589e-26 5.419743338719810378e-28 1.165929974146311601e-27 1.788778269751189263e-24 -5.468786644424101691e-24 6.682026256725957389e-25 1.834174588135052885e-24 -5.205161607491285244e-23 5.101844870705057622e-21 -8.883271659221189110e-24 -4.767304664394780944e-25 -2.344289304721074579e-26 -3.686599579362941365e-26 3.837568127874893158e-27 2.009186584014568817e-27 4.613434085413511707e-24 -7.976849844328623426e-24 -3.445185451960510800e-24 -3.380467884286429203e-24 -6.541932485605177521e-23 5.521859005162720951e-21 -1.007983199718044017e-23 -6.608233964486449774e-25 1.724075756534750786e-26 -3.846881984927229184e-26 3.628395411044493000e-27 3.304316613018271083e-28
-8.317041368064835901e-25 -1.520054802633246438e-24 -1.902047973654313567e-24 -1.487255918374620924e-24 -7.505232684733561776e-25 -2.994080192002003458e-24 3.503493879430759012e-22 -4.727839884443511764e-25 -2.163188273733271783e-26 -4.385513452099854851e-27 8.305532263327718614e-28 4.300463135829354304e-28 -4.187964269051461430e-24 -8.030218374463963639e-24 -1.139793387690853569e-23 -1.608906912656849635e-23 -1.378996646831943231e-23 -1.250708631939369536e-22 2.128347911418460564e-20 -2.832984569870413277e-23 -1.025334394103929062e-24 -3.784214795211915593e-27 -2.191407049511275041e-26 1.985441311494861074e-26 -2.455798135419904226e-24 -2.937379450028481736e-24 -3.816516703135746598e-24 -3.056045809408918924e-24 -1.249434883961161487e-24 -6.662788513607720372e-24 8.277683242118482490e-22 -1.056014624373821914e-24 -3.414078264970837853e-26 -9.937303222346687652e-27 -6.375349613482060285e-28 9.779294932643715855e-28 -2.500289614119044225e-24 -4.209954250804211380e-24 -5.408848246082495668e-24 -4.144323867250289707e-24 -1.780546151792590063e-24 -8.409813607133090989e-24 1.008818332922614399e-21 -1.339731363390560750e-24 -4.783880508434925884e-26 -1.431791571808169845e-26 6.836457601180067857e-28 1.083467582531194975e-27 -2.614276057392508622e-24 -5.821153769393583833e-24 -7.150151830633117966e-24 -5.368835225884809401e-24 -2.592045744600130116e-24 -1.040642617089658526e-23 1.092345108832687304e-21 -1.466052957646010348e-24 -4.700981123751591623e-26 -1.143280675722539916e-26 3.142974845838190398e-28 8.052784409374343018e-28
-6.734636134772893789e-25 -2.570812953114061108e-25 -2.450595808442316547e-25 -2.131927286170573370e-25 -2.816434615218835647e-25 -2.405735210341307510e-25 -4.609355466788918387e-25 5.761408882553357338e-23 -6.180849191093563132e-26 -1.777238794473493090e-27 -1.103084791094232011e-28 3.036548933442989821e-28 -3.547163512516925238e-24 -2.567406415303296398e-24 -2.980167152188488125e-24 -4.366232671935911871e-24 -6.776121156459517782e-24 -8.446590001603103590e-24 -2.832984569870413277e-23 5.124842851785761930e-21 -5.406853505075734341e-24 -4.161388225632355190e-26 -2.587329903814682977e-26 1.749289331781115497e-26 -1.777607010088540943e-24 -6.377496436076669872e-25 -5.377037437496265320e-25 -4.645950003270241838e-25 -5.736510059407887787e-25 -5.003516049639799157e-25 -1.032498991980587130e-24 1.403011051892528447e-22 -1.409255331721847091e-25 -4.310505391302899280e-27 -1.216924978957429163e-27 6.704391735908708471e-28 -2.203999417169568855e-24 -8.562537925758128264e-25 -7.117123447018493219e-25 -6.390144418949276099e-25 -7.946044496256084435e-25 -6.279337534909108511e-25 -1.243805201482082564e-24 1.712243410521396646e-22 -1.764145801479338453e-25 -8.546480787048041834e-27 -7.702759745487565004e-28 8.365422113527504797e-28 -2.529160811349434292e-24 -1.091182515005396801e-24 -9.293302936846046036e-25 -7.604570834933340610e-25 -8.991794410925252872e-25 -7.102226746247084842e-25 -1.485775781410888802e-24 1.857763720228209104e-22 -1.845443996791697593e-25 -6.186735364903023500e-27 -7.704723028834398849e-28 7.181623567563410010e-28
1.682956076430574759e-25 4.644904311637488478e-26 -7.509830555662560156e-27 2.864862981371686690e-26 1.877188282346549434e-26 9.244040100039116657e-27 -1.875807061224778170e-26 -6.017910142137679682e-26 6.882731729459325308e-24 -5.913038597354767592e-27 -7.184711317830667091e-29 1.335019649331489245e-28 7.462642791981858718e-25 5.461785974422176543e-25 5.933647491524471316e-25 8.540451825369756065e-25 7.305627842933313013e-25 2.648043184390490840e-25 -1.025334394103929062e-24 -5.406853505075734341e-24 9.326808973149079360e-22 -7.523413664283557578e-25 -8.054709382717585400e-27 9.617512248058054218e-27 4.683366625838379943e-25 1.414666435126128691e-25 -9.464150340967975344e-27 8.426220160240984669e-26 5.832014950939109345e-26 2.405658667133596736e-26 -4.028429208893341011e-26 -1.406956206193553737e-25 1.747974689243337327e-23 -1.418474600777432610e-26 -5.034121042448730411e-28 2.453404700391932019e-28 5.698983847064951230e-25 1.827832471383209907e-25 -1.212448149680557260e-26 1.010101611817122499e-25 8.186456623432449940e-26 4.396494665302656178e-26 -4.682913461912752578e-26 -1.664974168878209058e-25 2.140727286113229571e-23 -1.838454855964450938e-26 -6.068581721862031478e-28 3.572778485078315590e-28 5.783794046862155347e-25 1.383442168346163850e-25 -7.309779586836302931e-26 5.538067330476839383e-26 4.994612851401697220e-26 2.937683156979746509e-26 -5.518317255073833195e-26 -1.916889990593688933e-25 2.330284882715934862e-23 -1.811818641547149930e-26 -4.025789489484846538e-28 3.531732678550019318e-28
-3.817729871350094576e-26 -1.339676099280398624e-27 -4.608111262112302689e-27 -1.727512130075169611e-26 -1.324557279574135066e-26 -1.328357947424517062e-26 -5.489069015844628142e-27 -1.914009903855932216e-27 -5.704219519983985475e-27 5.051356092865248581e-25 -3.221623990964125707e-28 1.904954136922902941e-29 -1.450875187588317966e-25 -3.214487328522771432e-26 -5.331753098638750180e-26 -1.148112452009382816e-25 -1.247505337284208527e-25 -1.359646655794886986e-25 -3.784214795211915593e-27 -4.161388225632355190e-26 -7.523413664283557578e-25 1.089703833335376968e-22 -6.722173974334208082e-26 1.426199774661655743e-27 -7.130010760958408045e-26 6.877168980852658545e-27 -9.952806659941619161e-27 -4.228827756965344855e-26 -3.226766156688145305e-26 -3.212721341608781934e-26 -1.398420294521024922e-26 -5.226397129484962099e-27 -1.419474851548155489e-26 1.344830906675544910e-24 -8.735373374732962533e-28 1.904461498187800319e-29 -1.024601393039459857e-25 6.436594217586786947e-27 -1.103000507629655937e-26 -5.107128539172768831e-26 -4.004956331570156272e-26 -3.981399033936421300e-26 -1.767823737818763944e-26 -5.715081626071726100e-27 -1.678568835022054160e-26 1.655025823376065530e-24 -1.150830930044433867e-27 3.822552431258693211e-29 -1.265217726437906883e-25 -4.794446153826574021e-27 -2.139642417914847521e-26 -6.118777097549561952e-26 -4.557993245925767978e-26 -4.419682500713288522e-26 -2.073674340552776626e-26 -7.193772212329676338e-27 -1.881397829070166105e-26 1.810396109090832124e-24 -1.051603734760707377e-27 4.237450735222980331e-29
-5.065674841193429239e-27 -7.221341875415718782e-27 -5.121050232159296305e-27 -1.280821644755460893e-27 3.263333990443373051e-28 2.648509361759257550e-27 1.029482292498382765e-27 -4.583587463977226413e-29 -1.327792953997111192e-28 -3.213945561801301924e-28 2.205456894830484468e-26 -9.398911485834751355e-30 2.682090933862464217e-27 -2.566974760445721451e-26 -2.074405759852895634e-26 -6.716939300040886668e-27 -1.041809173749480510e-26 -3.526822035063631447e-27 -2.191407049511275041e-26 -2.587329903814682977e-26 -8.054709382717585400e-27 -6.722173974334208082e-26 8.050805936979595501e-24 -3.809648086369124595e-27 -6.064283429730444601e-27 -1.583112656831964463e-26 -1.171760304639968169e-26 -2.683491037994931740e-27 1.164834263252781369e-27 6.544820962862507055e-27 2.732171757860241458e-27 1.691965681529483047e-29 -3.201905950533780212e-28 -8.601084689556987306e-28 6.163236124681479637e-26 -2.919589459131652793e-29 -1.077691788444793072e-26 -1.951942845478589247e-26 -1.374590738451456009e-26 -2.845224813309838790e-27 1.637651331183384444e-27 8.031616868396138796e-27 3.373081225630396221e-27 1.361323865818768594e-29 -4.188333495488879910e-28 -1.039180181781873160e-27 7.621410025212724188e-26 -4.044364050037615781e-29 -1.505879909109046324e-26 -2.354567223390290338e-26 -1.632834888619136916e-26 -3.868214752056661911e-27 1.438407840255854732e-27 8.890452998960780284e-27 3.840476377171199603e-27 1.052979589920741251e-28 -4.574406105390293705e-28 -1.122349472247028514e-27 8.387672898264466734e-26 -3.455214948749909393e-29
2.985973129723573534e-27 1.808692540185421381e-27 2.510565384690035859e-27 1.223405881167717045e-27 3.453980043980014997e-28 -1.073787048813387090e-28 6.307172254922136546e-29 1.538268522848453789e-28 8.673695691888621405e-29 1.090528325180869554e-29 -1.002614869125994373e-29 1.060111221878184900e-27 5.717802969813749514e-27 8.784120226478676012e-27 8.183018933809367530e-27 4.175584101440700674e-27 8.037316142241586005e-27 1.728204504000009816e-26 1.985441311494861074e-26 1.749289331781115497e-26 9.617512248058054218e-27 1.426199774661655743e-27 -3.809648086369124595e-27 7.316240679601773502e-25 8.054088191262867521e-27 4.581081798298963731e-27 6.064481594476439331e-27 2.830872362220599621e-27 7.190393409158346766e-28 -3.051618374336520262e-28 1.131741873279527911e-28 3.611058863501189024e-28 2.198767101277908753e-28 3.131838153451307112e-29 -2.807688105976569089e-29 3.120302455421678923e-27 9.778709942713628874e-27 5.817702636704770100e-27 7.746947680107594685e-27 3.636651269244644758e-27 8.917881105336187964e-28 -3.948123122553310046e-28 1.236117274979854131e-28 4.193619401337914363e-28 2.532878267197922727e-28 3.326710535168661269e-29 -3.657296940156409997e-29 3.868157075866137267e-27 1.035238907263470106e-26 6.184632366211364976e-27 8.311498792527180122e-27 3.890111775026279221e-27 9.951868479804034766e-28 -3.961622910426579692e-28 1.337584324928789844e-28 4.586849195520038947e-28 2.823858581331510503e-28 3.979679825600300991e-29 -3.735745293500489400e-29 4.279584907118510597e-27
9.916264037383705387e-19 -9.306957538805218513e-21 -3.534319698236466381e-22 -1.352938923577416899e-23 1.103135974088886525e-23 -1.595458465283281306e-25 1.925664226000214158e-25 -9.248659068213770600e-25 2.447451507583646780e-25 -2.160141360496959219e-26 3.223168880923316310e-27 -2.668399735051115459e-28 2.055058131151020590e-18 -1.594339328765497264e-20 -8.146406228795099552e-22 -7.159083647501817669e-23 1.882739632510551269e-24 -3.224809066050465479e-24 -2.455798135419904226e-24 -1.777607010088540943e-24 4.683366625838379943e-25 -7.130010760958408045e-26 -6.064283429730444601e-27 8.054088191262867521e-27 7.432596221612106098e-18 -5.148890119858622461e-20 -2.171521118960045380e-21 2.139381099123078149e-23 1.043477991725789110e-22 1.138437634779438420e-23 -7.495547932261197027e-25 -3.209257246750854075e-24 1.437659675231548827e-24 -3.659912153159498106e-26 -2.876963454562018686e-26 8.216745034524493245e-27 4.260685213342856953e-18 -2.823385930805670375e-20 -9.324448536505964379e-22 4.389511368213396474e-23 9.026220903879772571e-23 7.839542078316499257e-24 -3.115114574703684050e-25 -3.247268569174929266e-24 1.115695740291182924e-24 7.333622279962328742e-27 -3.735719131650742722e-26 9.993931993700922443e-27 4.747405500135270651e-18 -3.478351849461050225e-20 -9.689363358976083634e-22 1.438605593460401810e-22 1.288057418485987311e-22 4.652346927034588885e-24 -5.631137879950108990e-26 -2.377054045206500651e-24 1.072574703406888819e-24 4.341410636707751431e-26 -3.635626327960295909e-26 -1.223137586877439507e-27
