[cosmological_parameters]
omch2 = 0.051 0.123355 0.255
ombh2 = 0.019 0.022492 0.026
h0 = 0.64 0.695021 0.82
n_s = 0.84 0.901206 1.1
s_8_input = 0.1 0.763871 1.3
omega_k = 0.0
w = -1.0
mnu = 0.06

[halo_model_parameters]
log10_theat = 7.0 7.8 8.5

[intrinsic_alignment_parameters]
a = -6.0 1.066324 6.0

[cib_parameters]
alpha = -4.3e-07 2.3e-07 8.9e-07

[nofz_shifts]
p_1 = 0.191855
p_2 = 0.875148
p_3 = -2.11753
p_4 = -1.637583
p_5 = 1.360465

